0 415 0.297467
0 248 0.414088
0 271 0.662500
0 326 0.271999
0 173 4.211498
0 455 5.277320
0 327 2.668711
0 406 6.368023
0 395 2.636896
0 20 5.640276
0 19 1.398337
0 457 5.159317
0 211 5.890682
0 80 2.712335
0 210 8.787546
0 95 1.722805
0 0 1.298227
0 150 8.530455
0 488 9.415239
0 141 8.165691
0 412 6.919173
0 206 5.206474
0 43 2.518117
0 264 2.665130
0 244 5.221245
0 224 6.179748
0 229 1.510974
0 311 2.665809
0 302 2.019675
0 11 2.374536
0 498 8.446921
0 91 0.157715
0 100 0.581740
0 423 0.371698
0 107 0.189873
0 101 0.211301
0 67 0.792199
0 151 0.606378
0 235 0.279628
0 31 0.311300
0 338 0.343321
0 146 2.435560
0 492 9.153696
0 157 0.150489
0 332 0.504087
1 56 8.747207
1 15 2.991907
1 55 6.337532
1 248 2.585754
1 127 4.188870
1 324 1.076221
1 307 6.249765
1 40 2.131366
1 155 8.873746
1 192 8.024491
1 458 2.244895
1 225 4.747620
1 316 6.905104
1 474 1.019141
1 5 1.151425
1 54 4.054347
1 13 2.228689
1 4 8.771998
1 440 1.415998
1 96 1.644648
1 244 0.713533
1 311 0.630828
1 148 0.410297
1 72 0.135039
1 120 0.545323
1 265 0.707574
1 482 0.710357
1 329 6.320734
1 356 2.619015
1 268 3.125398
1 147 0.509395
1 140 0.270854
1 62 0.385736
1 85 0.380138
1 372 0.438471
1 498 0.177671
1 130 0.405586
2 294 0.216342
2 260 5.184091
2 446 1.568067
2 89 2.766169
2 32 5.941966
2 421 8.565023
2 373 8.273497
2 497 4.723762
2 275 4.985180
2 308 8.302330
2 141 0.220278
2 189 0.613370
2 224 0.249471
2 472 0.344981
2 151 6.978853
2 48 6.046910
2 310 2.932125
2 339 2.207971
2 357 5.037762
2 262 0.210921
2 362 0.704975
2 149 0.672851
3 32 0.131782
3 293 4.170727
3 476 9.745213
3 407 5.018812
3 118 6.152401
3 117 5.920302
3 81 2.422291
3 7 2.681600
3 273 2.050212
3 161 2.346665
3 79 6.651920
3 337 2.900866
3 53 1.089720
3 88 9.551609
3 495 0.201504
3 243 0.568714
3 237 0.172751
3 438 0.236587
3 459 0.584860
3 262 1.246633
3 348 4.749455
3 409 9.567936
3 349 0.426151
3 253 0.127919
3 157 0.313956
3 424 0.683745
4 205 0.639295
4 405 0.472909
4 55 1.256415
4 467 2.423737
4 15 1.059642
4 440 1.316248
4 474 5.998342
4 458 5.236090
4 316 5.102053
4 13 8.378755
4 142 9.008307
4 271 0.727704
4 144 0.303819
4 174 0.213047
4 371 0.453190
4 40 1.384661
4 307 9.560255
4 192 8.912794
4 68 2.503875
4 329 1.992619
4 127 2.722770
4 485 0.691665
5 180 0.112704
5 250 0.195218
5 88 0.436109
5 192 1.808825
5 112 2.565540
5 155 4.931233
5 316 8.606490
5 251 0.450921
5 6 0.129231
5 55 2.684690
5 440 2.109499
5 68 5.603220
5 324 8.404725
5 329 2.057392
5 225 2.462848
5 127 4.684782
5 241 0.445389
5 311 0.283460
5 485 0.116228
6 179 0.344616
6 262 0.267975
6 14 6.053496
6 241 2.208425
6 436 5.712620
6 115 9.541930
6 6 1.063295
6 360 2.118479
6 41 5.988693
6 221 2.132055
6 383 8.349535
6 178 8.320572
6 496 2.051360
6 188 9.335302
6 469 1.014648
6 186 1.456336
6 388 2.795137
6 443 1.028162
6 286 1.777082
6 111 5.329267
6 126 1.313180
6 426 5.383847
6 347 0.762570
6 15 0.642875
6 19 0.493666
6 254 0.671014
6 425 0.764004
6 238 0.114177
6 211 0.265850
6 89 0.256039
6 382 2.224017
6 134 9.948683
6 172 2.325601
6 491 2.750259
7 408 9.428680
7 345 4.155896
7 107 2.680884
7 479 1.912831
7 239 6.421733
7 355 5.023755
7 196 5.941447
7 106 6.794981
7 259 2.373687
7 336 0.133330
7 276 0.416163
7 187 0.430130
7 17 8.434989
7 116 8.110155
7 348 2.550941
7 389 2.494741
7 499 1.222249
7 257 0.713367
7 256 0.199236
7 281 0.688059
8 276 0.269823
8 408 0.133948
8 176 0.562946
8 237 0.297510
8 316 0.479597
8 255 0.793886
8 257 9.971388
8 343 1.902588
8 8 6.814273
8 28 4.266438
8 158 1.537769
8 476 0.259666
8 383 0.324734
8 374 0.274353
8 132 0.358991
8 140 2.257886
8 414 2.232307
8 35 2.986496
8 67 2.202976
8 86 8.611350
8 346 5.583185
8 422 0.264145
9 294 0.593072
9 13 0.460336
9 219 0.666701
9 257 5.757234
9 163 2.979189
9 303 1.170927
9 173 2.038713
9 71 2.515538
9 74 6.086286
9 104 0.475708
9 373 0.459223
9 83 0.363839
9 140 4.756953
9 28 9.595839
9 291 9.738454
9 51 1.496627
9 346 9.019309
9 102 8.470118
9 121 6.016383
9 253 4.131991
9 92 0.540129
10 487 4.444272
10 81 9.228981
10 363 9.994047
10 365 4.727375
10 437 1.317073
10 129 5.847860
10 106 6.924115
10 161 4.837475
10 263 0.283648
10 66 0.591635
10 60 2.792030
10 137 1.210760
10 182 1.586790
10 216 6.122056
10 261 5.934019
10 410 2.358754
10 499 2.716001
10 453 0.683217
10 101 0.473863
11 119 0.493089
11 264 1.660916
11 392 1.272443
11 485 4.297463
11 150 2.663990
11 42 1.703813
11 488 2.556842
11 274 5.851684
11 43 2.252847
11 450 8.628489
11 146 2.190345
11 402 6.593907
11 17 0.687847
11 89 0.203287
11 350 0.680017
11 431 0.771586
11 372 6.651298
11 460 4.086398
12 466 0.552875
12 113 2.982154
12 161 4.047937
12 70 6.628953
12 81 2.855299
12 320 9.409408
12 216 9.562225
12 487 2.142849
12 87 2.211462
12 182 5.752351
12 196 2.069649
12 124 2.248159
12 220 1.719875
12 261 5.205371
12 350 5.005177
12 461 2.253949
12 266 0.119177
12 264 4.189426
12 295 0.420151
12 452 0.765679
12 136 0.613508
12 49 2.286731
12 125 2.465347
12 239 6.344010
12 313 2.786680
12 341 5.820972
12 400 2.765575
12 479 2.205581
13 164 0.391961
13 54 2.192371
13 112 2.483620
13 96 8.684086
13 127 2.945133
13 142 6.713341
13 329 1.289019
13 192 9.569445
13 32 0.469169
13 228 0.790970
13 189 0.245081
13 155 9.472118
13 440 2.195154
13 316 4.490918
13 474 6.784610
13 225 2.701880
13 471 0.753562
14 368 0.401652
14 216 0.395123
14 279 0.313527
14 345 0.391559
14 443 2.502648
14 249 1.145292
14 271 1.675832
14 463 9.855413
14 286 1.398780
14 482 2.973313
14 241 8.028251
14 388 1.295889
14 475 1.075731
14 144 0.385748
14 245 0.795893
14 103 0.214084
14 410 0.317089
14 136 0.729740
14 126 6.564123
14 383 2.939002
14 168 5.611763
14 426 1.694553
14 183 5.911099
14 193 1.730335
14 255 2.171175
14 263 0.121240
15 312 0.178825
15 192 5.761158
15 112 1.730661
15 307 9.959636
15 324 1.499247
15 440 2.853947
15 329 2.276152
15 96 8.717166
15 155 2.862768
15 142 8.141002
15 467 2.915805
15 40 4.463935
15 458 1.979339
15 248 1.777216
15 419 0.442938
15 250 0.482349
15 288 0.637138
15 240 0.131277
15 455 0.466019
15 316 2.882428
15 356 4.636275
15 127 1.283373
15 382 0.153317
15 311 0.275163
15 488 0.791576
15 336 0.594331
15 358 0.582440
16 301 0.489767
16 106 9.263063
16 259 1.699485
16 341 5.252763
16 289 4.347368
16 113 9.033240
16 441 2.140107
16 16 1.528658
16 382 0.247194
16 17 1.496744
16 120 4.722232
16 313 9.930500
16 355 2.371031
16 363 6.719171
16 409 1.267351
16 499 2.375580
16 191 0.633389
16 311 0.488753
17 205 3.758817
17 236 0.707255
17 313 4.506194
17 499 8.601176
17 39 1.813947
17 129 1.583880
17 124 6.131373
17 113 1.057856
17 179 6.028892
17 117 4.268362
17 315 4.388029
17 259 1.516402
17 437 1.095179
17 363 2.143894
17 439 0.782817
17 176 0.399521
17 96 0.539030
17 321 0.359091
17 445 0.272031
17 106 2.093796
17 118 2.883610
17 328 2.835910
17 344 6.292984
17 347 6.086501
17 348 8.418022
17 389 1.297759
17 387 0.667806
18 59 0.597172
18 462 4.524861
18 271 8.120355
18 496 2.583411
18 443 4.677960
18 491 4.249831
18 495 2.403579
18 172 1.044264
18 186 1.258507
18 469 2.381083
18 250 4.576971
18 405 0.758062
18 118 0.654887
18 286 1.433784
18 149 2.821627
18 140 0.299567
18 47 4.443639
18 304 0.347294
19 272 5.346331
19 274 1.498308
19 450 1.632461
19 403 5.566821
19 228 1.744534
19 211 8.466771
19 364 0.652109
19 377 0.523412
19 283 9.264617
19 43 6.894365
19 327 1.676039
19 95 8.706505
19 460 1.124373
19 224 5.149155
19 485 8.312371
19 332 0.382348
19 430 0.495971
20 207 0.141792
20 404 0.146586
20 48 0.264768
20 164 0.222823
20 170 0.702658
20 496 0.289553
20 77 0.671435
20 418 0.184823
20 272 2.213114
20 69 0.267471
20 327 2.130052
20 460 6.589532
20 206 5.131270
20 224 5.753260
20 485 1.717536
21 116 0.518519
21 364 0.431405
21 410 0.114161
21 165 1.500063
21 58 1.191918
21 30 2.577740
21 119 8.855229
21 82 2.398952
21 31 1.017080
21 66 6.452061
21 60 0.150491
21 272 0.246173
21 466 0.754270
21 184 1.486122
21 59 1.142857
21 342 2.323653
21 349 1.101535
21 97 9.667268
21 237 2.002962
21 362 0.799482
21 181 0.338715
21 491 0.649930
21 386 0.606766
21 95 0.540599
21 141 0.460341
22 174 0.771852
22 386 0.130384
22 219 0.704593
22 264 1.607020
22 274 4.493698
22 272 2.393485
22 202 9.955403
22 302 4.399522
22 460 8.702723
22 80 2.441489
22 283 2.422047
22 83 1.191671
22 457 1.003435
22 470 1.124582
22 278 0.245670
22 452 0.779297
22 37 0.452535
22 123 0.618400
22 146 8.896750
22 228 4.353511
22 492 8.953271
22 217 0.531579
23 377 1.584267
23 366 2.129085
23 314 2.283066
23 445 1.672515
23 285 2.875634
23 245 8.081731
23 23 6.902631
23 294 6.401330
23 288 2.490580
23 201 2.488013
23 235 2.543165
23 361 6.968756
23 180 2.912429
23 98 2.273293
23 234 9.072760
23 473 1.905360
23 413 0.351144
23 225 0.166463
23 217 0.726178
23 340 0.577931
23 241 0.609535
23 167 0.656105
23 78 2.047547
23 177 6.188351
23 232 1.810649
23 236 6.145822
23 270 6.553348
23 334 1.097201
23 433 1.184877
23 466 1.060949
23 373 0.407275
23 347 0.432983
24 345 0.242049
24 147 1.556704
24 413 5.942606
24 317 5.181922
24 398 2.384464
24 268 9.493901
24 219 8.806996
24 378 2.157302
24 73 6.276361
24 442 5.005771
24 152 5.349396
24 404 0.416238
24 448 0.154894
24 175 0.741511
24 164 0.234908
24 50 6.810470
24 318 4.447421
24 326 2.522858
24 351 1.266176
24 394 2.547963
24 191 2.501832
24 94 0.642736
24 171 4.357990
25 270 0.493305
25 79 0.656257
25 191 0.470958
25 160 9.276342
25 269 4.705249
25 263 2.581716
25 422 4.165300
25 254 1.423254
25 123 1.462901
25 84 4.035227
25 94 4.968604
25 226 4.434963
25 416 1.268183
25 109 4.892278
25 340 9.193817
25 428 4.197294
25 395 0.247286
25 294 0.723388
25 146 0.474699
25 55 0.511484
25 276 0.514724
25 149 0.721242
25 92 4.272232
25 209 2.749835
25 281 6.344200
25 464 5.228069
25 481 2.498229
26 334 1.109739
26 472 4.471796
26 227 4.821788
26 297 4.135337
26 380 9.177199
26 375 8.156837
26 377 8.960598
26 445 2.918031
26 369 4.898162
26 335 2.263091
26 486 2.770399
26 353 8.834398
26 189 1.219933
26 452 0.120842
26 309 0.370864
26 431 0.778995
26 109 0.455845
26 78 1.768821
26 93 6.327372
26 98 8.876771
26 250 2.135928
26 298 5.100279
26 316 0.163383
26 147 0.581155
26 333 0.453849
27 145 1.213397
27 477 2.332032
27 66 5.736300
27 165 2.530811
27 82 5.953065
27 349 4.232620
27 325 1.374600
27 97 9.080680
27 143 0.455550
27 353 0.246106
27 38 1.705752
27 176 2.594782
27 59 5.768918
27 331 8.137585
27 342 2.539598
27 222 1.104538
27 491 0.590997
27 73 0.235993
27 274 0.635765
27 92 0.465779
28 93 0.731322
28 331 0.651691
28 396 1.389903
28 140 2.317492
28 144 1.911161
28 414 2.368495
28 52 4.534736
28 296 1.512499
28 51 5.290349
28 238 1.147622
28 74 5.687209
28 303 1.234468
28 28 2.866719
28 158 4.908818
28 173 2.166662
28 453 1.218942
28 418 2.013295
28 143 0.353296
28 174 0.278387
28 435 0.346946
28 210 0.149896
28 38 0.630168
28 499 0.131211
28 271 0.237044
28 291 9.559160
28 35 5.283931
28 69 4.014833
28 86 1.365800
28 346 4.136904
28 233 2.338467
28 121 2.241864
28 109 0.544095
29 268 2.388986
29 442 4.943996
29 191 1.296634
29 398 8.604616
29 413 5.221786
29 73 4.475223
29 397 5.953517
29 317 9.902194
29 29 5.301933
29 318 6.455869
29 403 0.246111
29 206 0.215723
29 106 0.586791
29 111 0.648072
29 287 9.492225
29 322 8.280920
29 326 2.284043
29 351 1.957058
29 390 1.733981
29 394 8.440785
29 425 1.404826
29 327 0.749437
29 210 0.734699
29 169 0.768673
30 275 0.695264
30 261 0.691911
30 176 4.806024
30 30 2.493407
30 222 6.171721
30 31 1.961084
30 465 0.414726
30 227 0.693121
30 49 0.230474
30 325 6.181947
30 331 9.618464
30 237 9.667396
30 181 0.178435
30 241 0.403266
30 459 0.667384
31 93 0.498952
31 98 0.639031
31 145 4.266355
31 237 1.997954
31 31 5.087422
31 64 1.899892
31 325 2.308348
31 194 0.260412
31 244 0.315559
31 87 0.718672
31 392 0.121233
31 176 1.345028
31 59 5.379108
31 331 6.535081
31 222 4.254695
31 277 0.277698
32 297 0.126290
32 260 2.159890
32 143 1.354912
32 339 1.646602
32 446 6.568691
32 497 2.023083
32 48 2.328475
32 319 0.168448
32 421 5.252158
32 308 5.444555
32 221 0.591063
32 453 0.425133
32 403 3.669189
33 260 1.954645
33 143 4.159581
33 156 2.640392
33 151 9.089892
33 308 6.800471
33 497 5.429787
33 213 2.792245
33 91 4.638388
33 399 0.560466
33 354 0.794805
33 421 6.065894
33 48 1.628249
33 446 6.848370
33 373 6.156321
33 193 0.457928
33 191 0.584211
33 150 0.673923
34 245 9.167477
34 314 2.220094
34 235 8.711840
34 417 9.698057
34 427 1.688525
34 466 9.637435
34 301 9.395028
34 227 1.323398
34 460 0.560743
34 222 0.246203
34 333 0.214678
34 98 9.183974
34 180 1.408688
34 207 5.734967
34 288 9.434224
34 297 2.493706
34 335 2.168797
34 348 0.438998
34 192 0.700514
34 426 0.508777
34 178 0.328543
34 317 0.490028
34 175 0.143658
34 194 0.798283
35 280 0.198835
35 38 0.499202
35 140 5.543377
35 343 4.311828
35 420 5.999077
35 158 2.379856
35 163 2.079981
35 102 8.228666
35 296 1.608047
35 71 2.816368
35 257 1.283880
35 233 4.065499
35 448 0.192632
35 139 0.323756
35 295 0.120781
35 406 0.258115
35 373 0.777123
35 447 1.883387
35 67 5.012609
35 86 8.958820
35 346 2.658238
36 104 0.622370
36 434 0.353173
36 257 1.205322
36 140 9.588555
36 418 4.170870
36 233 5.709806
36 303 6.794216
36 62 4.508506
36 158 1.094091
36 69 4.471470
36 498 0.666462
36 302 0.347439
36 210 0.264042
36 51 1.645858
36 67 4.764889
36 346 2.006753
36 43 0.300047
37 366 0.283115
37 267 2.944820
37 351 1.987121
37 394 2.070985
37 76 9.280331
37 378 1.936243
37 397 6.277666
37 435 4.089664
37 80 0.219885
37 86 0.602912
37 322 2.477937
37 73 1.852935
37 152 4.153994
37 413 6.284766
37 425 5.576432
37 191 1.674564
37 219 2.681514
37 102 0.173010
37 159 0.425676
37 484 0.747160
38 468 0.748033
38 137 0.548779
38 145 5.536252
38 195 6.168156
38 325 4.984231
38 222 4.833614
38 342 1.712737
38 190 6.682914
38 59 5.817474
38 453 0.403954
38 189 0.403646
38 176 2.938940
38 184 5.940016
38 237 9.380528
38 256 0.551451
39 437 6.330981
39 320 1.359539
39 347 1.865614
39 137 1.577906
39 348 2.314372
39 493 1.194211
39 198 2.421463
39 225 0.369029
39 381 0.430514
39 70 5.146039
39 132 9.431632
39 212 8.990722
39 220 5.782146
39 345 6.265350
39 479 2.525623
39 499 1.836938
39 248 3.996442
39 149 0.452750
39 76 0.443774
39 346 0.211665
39 47 0.184409
40 288 0.345925
40 380 0.142961
40 142 6.373934
40 458 6.727924
40 440 6.424054
40 270 0.526868
40 251 0.601034
40 55 2.217037
40 68 1.883659
40 324 5.301033
40 329 1.852568
40 248 2.150832
40 390 0.643757
40 257 0.218467
40 204 0.498085
40 376 0.516479
41 334 0.158885
41 82 0.165733
41 329 0.774312
41 490 6.823714
41 436 5.090262
41 185 6.048213
41 114 4.858724
41 167 1.472535
41 463 8.446724
41 249 2.602024
41 221 5.560550
41 186 2.038578
41 111 4.752652
41 149 1.931157
41 223 5.754431
41 203 6.699513
41 411 9.436919
41 170 4.170212
41 115 5.463923
41 188 8.558869
41 426 1.054639
41 178 1.642653
41 482 6.794085
41 134 2.518891
41 208 6.790376
41 384 0.301903
41 455 0.743754
41 253 0.589278
41 345 0.660366
41 277 0.589852
41 184 0.252140
41 492 0.446016
41 308 0.726536
41 129 0.141152
41 362 5.448268
41 383 2.395843
41 278 0.144181
41 291 4.596527
41 302 0.370737
41 159 0.636010
42 383 3.303085
42 272 1.459667
42 90 9.922117
42 395 9.160058
42 206 2.581572
42 283 2.936084
42 302 9.659646
42 150 1.271320
42 455 1.943895
42 435 0.204020
42 429 0.498789
42 105 0.638068
42 71 0.561680
42 43 6.141928
42 83 4.353051
42 95 6.810933
42 139 9.698226
42 224 6.281582
43 285 0.553326
43 193 0.707040
43 272 8.274891
43 274 2.994680
43 80 8.018326
43 488 6.120822
43 224 1.198223
43 202 2.325852
43 478 6.418344
43 412 9.236434
43 216 0.111245
43 369 0.108030
43 324 0.247164
43 279 0.335950
43 311 4.357330
43 327 1.480924
43 95 8.090380
43 141 2.942237
43 162 1.112927
43 460 6.938463
44 241 8.871460
44 362 9.196056
44 153 2.181274
44 411 5.787924
44 462 4.864868
44 178 5.911174
44 434 1.931829
44 480 6.818609
44 185 8.366564
44 441 0.777619
44 348 0.210812
44 84 0.768015
44 379 1.451412
44 383 5.858982
44 387 9.061654
44 134 1.283486
44 167 2.529914
44 426 1.058589
44 491 1.914709
44 495 1.670383
44 496 6.185996
44 432 0.597177
45 344 0.217155
45 286 0.604104
45 287 0.475187
45 392 0.757356
45 166 2.084027
45 169 1.616946
45 269 1.151164
45 340 8.406902
45 321 6.408013
45 251 2.827558
45 63 1.876234
45 385 6.839835
45 123 8.491205
45 494 1.529390
45 281 6.590825
45 87 0.115572
45 417 0.353714
45 370 0.595488
45 80 0.660204
45 482 0.495452
45 138 1.613929
45 204 4.393880
46 446 0.226128
46 239 0.754909
46 499 0.281755
46 475 0.266270
46 255 0.400981
46 257 2.418370
46 396 4.587309
46 140 1.942787
46 418 1.421415
46 414 2.154392
46 207 0.208693
46 302 0.731650
46 97 0.130584
46 51 2.713200
46 447 2.060087
46 62 4.547923
46 67 4.616407
46 453 4.527852
46 121 4.273713
46 253 2.847023
46 228 3.635490
47 383 0.731344
47 397 0.619916
47 121 0.346065
47 283 0.682859
47 160 1.167321
47 416 5.811403
47 333 5.543487
47 128 2.694931
47 94 2.481296
47 171 1.826648
47 300 2.495260
47 204 1.806922
47 246 1.547637
47 251 2.066070
47 214 4.314791
47 478 0.144844
47 356 0.600034
47 65 2.647130
47 75 2.750201
47 100 9.026859
47 110 4.996454
47 130 9.875790
47 169 2.566866
47 187 6.346112
47 266 8.017591
47 304 4.992776
47 454 2.988854
48 78 0.284191
48 260 1.515934
48 151 2.091590
48 48 5.502843
48 156 6.532448
48 275 1.032154
48 273 0.229886
48 483 0.103989
48 432 0.477748
48 308 1.239209
48 213 5.929154
48 89 2.447640
48 497 6.191830
48 373 1.657372
48 117 0.114693
48 259 0.194042
48 261 0.340078
48 414 0.387681
48 217 0.187696
49 93 0.542480
49 314 0.526104
49 366 0.329202
49 212 2.826815
49 393 1.048866
49 262 1.194121
49 124 2.673362
49 196 2.525382
49 364 2.327041
49 410 2.162282
49 348 5.961284
49 81 1.362327
49 400 1.775098
49 198 1.962565
49 53 9.352519
49 280 9.831067
49 341 2.056740
49 409 1.596834
49 106 4.896187
49 164 1.382207
49 234 0.473592
49 424 0.528660
49 56 0.189769
49 61 0.419378
49 281 0.665155
49 151 0.571139
49 64 0.331225
49 116 1.997565
49 216 2.423884
49 261 4.056621
49 328 1.025017
49 344 4.124079
49 389 4.784034
49 408 2.365896
49 379 0.441376
49 448 0.474894
50 76 4.908478
50 287 2.082346
50 318 6.745138
50 351 4.320146
50 449 1.059045
50 413 5.275581
50 317 2.911946
50 386 2.138849
50 72 0.308712
50 439 0.210052
50 223 0.491835
50 326 6.799800
50 73 2.624303
50 390 6.698443
50 152 4.626229
50 425 5.559056
50 191 1.649530
50 219 2.959356
50 138 0.762313
51 245 0.302768
51 278 3.917586
51 257 6.422820
51 396 6.054974
51 414 1.683633
51 418 1.290504
51 158 4.359923
51 121 2.593143
51 291 4.733583
51 122 4.205717
51 296 6.442767
51 140 5.328244
51 69 1.963300
51 420 5.241124
51 71 1.832830
51 447 1.590490
51 228 0.338689
51 73 0.350872
51 75 0.556074
51 370 0.661034
51 331 0.658575
51 402 0.383258
51 63 4.640780
51 67 5.499997
51 453 1.624054
51 86 1.554255
51 84 0.102768
52 107 0.101761
52 192 0.766045
52 257 2.477510
52 140 2.723744
52 144 5.718997
52 414 6.139889
52 158 1.938238
52 67 9.594334
52 166 0.497050
52 210 0.266892
52 193 0.578347
52 86 5.947993
52 346 5.619091
52 92 0.417030
52 204 0.646285
52 226 0.175892
52 258 0.595927
52 401 0.554119
53 205 0.612788
53 273 5.826231
53 239 1.353825
53 347 6.649799
53 344 2.987473
53 410 1.006372
53 70 9.916157
53 389 2.073977
53 93 0.350360
53 203 0.569885
53 481 0.632781
53 81 2.788782
53 216 6.788684
53 220 6.573238
53 315 5.106655
53 363 1.006419
53 393 5.113392
53 407 1.602094
53 408 6.849302
53 499 4.492664
53 362 0.785023
53 282 0.389547
54 468 0.550471
54 325 0.651101
54 55 5.905287
54 307 1.786938
54 155 1.436498
54 142 1.386355
54 467 2.324836
54 356 2.393511
54 215 0.228077
54 188 0.775742
54 238 0.675617
54 397 0.376048
54 68 2.210286
54 329 2.592689
54 458 1.506175
54 225 1.684854
54 127 2.270823
54 114 0.156321
54 268 0.678807
54 488 0.559589
54 416 0.637897
55 116 0.356681
55 355 0.340064
55 307 5.788237
55 96 8.086611
55 142 5.721892
55 127 6.643520
55 356 6.426560
55 192 6.096743
55 467 1.803814
55 440 2.347716
55 248 1.245777
55 458 1.018271
55 324 9.710472
55 112 2.414276
55 155 6.507050
55 421 0.264651
55 415 0.505216
55 330 0.533214
55 490 0.463116
55 472 0.731868
55 305 0.477367
55 309 0.714440
55 316 6.539967
55 329 2.551664
55 225 9.940414
55 242 0.594155
55 454 0.478423
56 314 0.799166
56 307 8.305139
56 440 9.860003
56 142 9.816685
56 61 2.905018
56 467 5.472771
56 56 6.504372
56 284 0.166722
56 80 0.529351
56 304 0.151996
56 227 0.703486
56 192 5.043953
56 68 2.868181
56 329 2.099959
56 458 8.011151
56 474 6.727559
56 225 8.099052
56 112 1.320999
56 127 4.600214
56 67 0.555546
57 368 2.979906
57 250 1.428828
57 57 8.182995
57 370 4.855633
57 444 9.842640
57 415 4.835304
57 288 6.489140
57 315 0.616459
57 286 0.471143
57 93 6.615489
57 214 4.753867
57 235 2.323035
57 276 5.451948
57 334 6.479434
57 361 8.557627
57 366 1.152488
57 367 5.441329
57 355 0.105926
57 249 0.231296
57 274 0.687940
58 348 0.783306
58 145 2.742210
58 176 2.461915
58 58 1.016460
58 184 1.132183
58 195 8.723525
58 221 0.114546
58 172 0.563590
58 59 8.228939
58 325 1.733360
58 222 1.766907
58 97 2.514617
58 83 0.387360
59 348 0.789907
59 145 2.427824
59 176 2.975890
59 184 5.072084
59 483 8.579935
59 237 5.650186
59 222 5.461313
59 195 4.450930
59 59 2.663853
59 82 4.556658
59 477 4.872247
59 342 5.355594
59 194 0.480823
59 102 0.593888
59 463 0.193775
59 240 0.143300
59 198 0.709774
59 64 2.060818
59 66 6.210274
59 325 1.390920
59 331 2.446715
59 97 9.367924
59 68 0.762024
59 170 0.544834
60 393 6.799055
60 125 2.888831
60 113 9.670575
60 161 4.729074
60 129 6.258294
60 279 1.918317
60 407 4.406367
60 476 1.448079
60 116 8.156290
60 288 0.275209
60 440 0.130035
60 271 0.725501
60 81 1.846994
60 87 1.352042
60 198 5.463990
60 220 1.844438
60 347 1.553717
60 348 2.059285
60 409 1.238181
60 126 0.124018
60 394 0.698468
61 93 0.162609
61 307 1.578144
61 316 6.137281
61 440 4.270113
61 324 1.397044
61 192 4.045405
61 188 0.385831
61 72 0.280983
61 68 1.751856
61 96 4.129110
61 225 6.325494
61 112 6.194431
61 127 4.893440
61 491 0.670960
61 492 0.737829
61 154 0.495618
61 424 0.484717
62 331 0.374942
62 491 0.503431
62 140 6.519409
62 296 5.935917
62 346 1.355298
62 74 8.503478
62 396 1.423459
62 129 0.760799
62 221 0.615611
62 67 6.187128
62 139 0.786567
62 478 0.545598
62 456 0.104226
63 316 3.152066
63 322 0.294649
63 489 9.170098
63 481 8.436230
63 215 5.726836
63 110 8.034716
63 274 0.407346
63 208 0.381063
63 84 8.243111
63 133 2.775747
63 157 5.356099
63 159 9.862415
63 332 2.244098
63 422 2.792093
64 410 0.395835
64 176 2.961369
64 97 8.777489
64 64 2.594013
64 187 0.270824
64 411 0.621163
64 262 0.516015
64 342 4.570243
64 222 2.520102
64 237 6.495370
64 274 0.265110
65 350 0.334018
65 316 0.413825
65 489 9.461098
65 72 2.828333
65 258 9.847971
65 424 4.733068
65 251 8.732067
65 121 0.497000
65 252 0.346861
65 479 0.718153
65 304 8.653218
65 358 1.685507
65 456 2.284743
66 487 0.523931
66 119 4.517374
66 66 2.559173
66 97 1.863651
66 67 0.779656
66 482 0.604414
66 177 0.552521
66 342 8.881195
66 237 4.502360
67 189 0.313002
67 167 0.420788
67 396 4.191393
67 140 5.525901
67 414 1.993651
67 291 5.976183
67 86 4.608251
67 163 2.669076
67 233 2.936356
67 303 9.124632
67 420 5.773024
67 71 4.740263
67 418 2.906076
67 74 8.203694
67 257 1.296120
67 343 8.387527
67 122 4.956359
67 85 1.763031
67 453 1.046568
67 158 8.403914
67 296 2.116098
67 346 5.042914
67 196 0.292315
67 112 0.469173
67 485 0.424303
67 282 0.763604
67 260 0.764107
67 328 0.617146
67 478 0.412711
67 137 0.771795
67 369 0.742736
67 121 2.679702
67 494 0.329483
68 161 0.549226
68 441 0.111860
68 155 1.242436
68 440 5.495225
68 192 9.013264
68 356 1.140349
68 316 2.727263
68 324 5.179037
68 68 1.545834
68 467 8.423583
68 112 1.556914
68 96 5.506046
68 142 6.345600
68 248 1.328963
68 81 0.353683
68 390 0.700489
68 466 0.253016
68 444 0.495212
68 133 0.671994
68 116 0.436954
68 329 1.326203
68 458 5.485484
69 337 0.532764
69 326 0.389082
69 257 2.726811
69 140 4.190991
69 418 6.128754
69 291 1.874881
69 121 1.591053
69 123 0.371710
69 460 0.700257
69 129 0.587049
70 334 0.112153
70 310 0.437557
70 407 6.317903
70 408 1.598194
70 280 5.160542
70 409 4.857705
70 484 0.229713
70 271 0.590768
70 85 0.589116
70 116 6.998010
70 164 5.354859
70 247 1.701595
70 341 4.426271
70 363 8.095605
70 499 1.630903
70 324 0.277589
70 172 0.115615
70 475 0.122075
70 346 0.656950
71 331 0.152552
71 192 3.760648
71 167 0.554199
71 491 0.696422
71 257 1.935598
71 414 1.155636
71 163 1.433756
71 173 1.515578
71 296 2.297361
71 105 8.302537
71 438 0.420384
71 314 0.626676
71 294 0.253240
71 409 0.549036
71 86 2.361799
71 121 6.947708
72 227 0.474367
72 366 0.717447
72 315 0.521220
72 351 4.323669
72 150 0.326919
72 269 2.213818
72 219 0.459598
72 222 0.339991
72 404 0.128290
72 75 9.815335
72 92 5.090769
72 157 9.726627
72 299 5.704861
72 454 2.611985
72 481 5.287813
73 373 0.652316
73 218 0.533841
73 410 0.403588
73 278 2.354101
73 399 9.493311
73 219 2.491462
73 449 2.693912
73 425 4.358257
73 394 2.845081
73 351 9.779227
73 147 5.670569
73 318 1.232019
73 191 6.313085
73 442 2.010094
73 73 4.056853
73 397 8.476588
73 390 1.200886
73 295 2.367747
73 398 9.999454
73 268 5.553581
73 391 1.225255
73 326 2.695738
73 152 9.222154
73 317 1.385815
73 413 2.178128
73 77 2.052167
73 76 4.636231
73 151 0.283688
73 179 0.143157
73 238 0.266594
73 465 0.184020
73 197 0.108150
73 454 0.312670
73 334 0.678646
73 446 0.273300
73 221 0.329222
74 360 0.150219
74 434 0.565002
74 257 9.113147
74 140 4.385915
74 420 2.399029
74 473 0.363804
74 86 9.439470
74 346 2.741328
75 368 0.744236
75 155 0.175557
75 489 8.443566
75 338 1.732447
75 456 2.220299
75 101 1.298218
75 108 2.527410
75 110 9.569702
75 284 1.589949
75 154 1.150708
75 84 2.553266
75 159 9.393309
75 184 0.236464
75 199 0.441676
75 203 0.776804
75 311 0.494294
75 418 0.179723
75 92 2.719303
75 160 2.193512
75 169 2.638729
75 217 1.514466
75 226 2.363549
75 430 2.839535
76 377 0.617563
76 237 0.317150
76 268 4.755428
76 278 2.006888
76 287 2.348408
76 295 2.704527
76 317 1.033937
76 318 8.569489
76 306 0.572600
76 150 0.763381
76 181 0.256904
76 390 1.231421
76 136 2.123737
76 394 1.238414
76 425 2.797794
77 298 3.457395
77 479 0.330572
77 192 0.672021
77 268 6.227541
77 287 6.776382
77 322 2.215893
77 326 6.367687
77 191 4.302147
77 282 0.184498
77 244 0.107440
77 394 9.365683
77 397 4.203085
77 219 1.658781
78 270 1.928097
78 375 4.443129
78 374 4.225608
78 250 2.800301
78 276 9.736819
78 427 4.586250
78 370 1.060577
78 335 4.784341
78 366 2.955887
78 188 0.726174
78 129 3.309146
78 257 4.614766
78 93 5.397493
78 205 2.532446
78 285 2.347084
78 288 6.429930
78 367 2.286732
78 380 1.344712
78 104 0.356314
78 389 0.219745
79 312 0.126908
79 369 0.760528
79 289 9.001977
79 117 2.289658
79 81 1.518788
79 118 9.342847
79 493 1.424940
79 161 2.085891
79 116 4.916177
79 409 4.737289
79 487 5.857940
79 341 2.497139
79 439 0.200644
79 103 0.311518
79 142 0.773169
79 113 1.547390
79 137 8.494016
79 239 2.996638
79 328 1.347021
79 350 1.183152
79 114 3.655781
79 406 0.546313
80 433 0.766423
80 497 0.751069
80 186 0.360256
80 264 1.026232
80 272 8.372862
80 495 0.430628
80 395 4.799481
80 460 1.863774
80 206 9.833604
80 224 4.297674
81 205 0.556163
81 319 0.305270
81 367 0.297704
81 320 1.226225
81 218 8.572884
81 313 1.282862
81 400 9.426387
81 337 5.851473
81 355 1.644490
81 350 1.189748
81 259 2.701526
81 107 5.563545
81 220 2.654433
81 196 1.788137
81 419 6.047668
81 239 2.013197
81 132 2.616691
81 487 5.390244
81 476 9.281147
81 328 8.418989
81 113 6.876313
81 246 0.135756
81 421 0.245463
81 82 0.551880
81 391 0.268882
81 497 0.205008
81 413 0.779042
81 486 0.648870
81 200 0.220240
81 402 0.750022
81 116 8.647814
81 117 6.818050
81 125 5.220190
81 137 4.958738
81 199 1.601167
81 293 2.711987
81 315 4.515101
81 347 4.155977
81 499 2.445637
81 458 0.534227
81 455 0.212831
82 473 0.348460
82 220 0.143725
82 407 0.720588
82 483 5.078517
82 474 0.435450
82 95 0.749486
82 222 4.737676
82 255 0.640687
83 192 0.177889
83 470 2.389831
83 264 1.617673
83 498 6.404696
83 141 6.135883
83 139 5.349888
83 146 6.951490
83 344 0.668175
83 468 0.284218
83 258 0.531947
83 392 5.403545
83 402 6.857665
83 457 8.741138
83 206 2.086171
83 228 4.565589
83 492 4.163002
83 169 0.400655
84 112 0.361962
84 111 4.237756
84 167 0.661263
84 266 2.658507
84 130 6.560973
84 454 1.109939
84 304 1.731717
84 94 1.831841
84 243 8.166845
84 489 9.249657
84 487 0.409832
84 89 0.609790
84 393 0.541370
84 174 0.605080
84 159 1.976157
84 464 4.430072
85 214 0.219855
85 313 0.686416
85 348 0.261988
85 317 0.469514
85 257 2.436984
85 396 8.145776
85 447 5.171836
85 233 9.528773
85 291 9.081322
85 321 0.120557
85 254 0.166748
85 270 0.369421
85 121 2.621001
85 358 0.713840
86 106 0.782096
86 408 0.390385
86 176 0.758620
86 257 2.181707
86 140 5.728118
86 144 1.730903
86 418 2.112476
86 105 6.825567
86 121 2.429464
86 447 6.534027
86 343 4.692747
86 291 9.321739
86 173 2.413470
86 356 0.578774
86 411 0.695602
86 139 0.179520
86 300 0.198714
86 321 0.417399
86 205 0.697666
86 342 0.493653
86 102 9.130921
87 433 0.548754
87 117 6.520906
87 337 1.261407
87 315 4.317263
87 461 2.050454
87 125 5.448323
87 182 6.269925
87 273 1.433002
87 115 0.136078
87 485 0.642364
87 141 0.721841
87 104 5.645473
87 116 1.481386
87 199 1.919970
87 313 1.312524
87 341 5.950661
87 350 4.457541
87 409 4.365487
87 479 5.644321
87 483 0.442925
87 152 3.126806
87 246 4.104915
88 107 1.112354
88 320 1.909513
88 104 2.664007
88 441 4.337681
88 116 1.375926
88 132 1.407352
88 345 5.698003
88 113 8.983870
88 212 1.750140
88 167 0.495632
88 326 0.113678
88 106 8.294959
88 137 8.074739
88 315 6.280516
88 348 2.526127
88 408 2.511830
89 285 0.406951
89 375 0.476103
89 260 2.033292
89 275 1.758848
89 446 1.042084
89 339 4.101271
89 117 0.664379
89 359 0.785101
89 357 1.294748
89 497 2.979330
89 373 9.427184
89 101 0.475976
89 110 0.485519
90 357 0.600512
90 239 0.486990
90 293 0.665697
90 325 0.184247
90 257 0.545798
90 274 2.304628
90 228 6.737213
90 148 0.486845
90 385 0.275239
90 149 0.785515
90 95 6.301849
90 146 5.815837
90 460 5.870621
90 492 8.875060
90 160 0.788910
90 263 0.630375
90 371 0.649684
91 235 0.646921
91 319 0.267643
91 260 8.651248
91 275 1.294712
91 151 5.657677
91 156 2.592160
91 446 1.395701
91 339 4.538842
91 143 2.502060
91 333 0.439464
91 329 0.344012
91 414 0.526600
91 497 8.427134
91 373 6.330780
91 137 0.145506
91 206 0.536273
91 309 0.312317
91 465 0.637313
92 313 0.598760
92 491 0.629816
92 256 2.201024
92 292 2.702673
92 336 1.787993
92 358 1.023442
92 138 4.887465
92 376 8.257063
92 103 1.037112
92 323 8.263107
92 424 4.426711
92 284 4.313883
92 359 6.409780
92 429 2.310138
92 128 5.700873
92 423 1.324374
92 159 5.204984
92 340 1.742579
92 194 6.615901
92 215 1.666207
92 489 4.301005
92 108 4.585671
92 171 1.935007
92 217 6.124480
92 300 8.918865
92 154 2.773165
92 251 1.594044
92 321 2.758251
92 448 2.735022
92 484 6.952156
92 123 4.999646
92 281 9.813313
92 160 2.659080
92 169 5.983315
92 263 1.306300
92 314 0.152208
92 370 0.569046
92 341 0.784720
92 189 0.758536
92 231 0.388181
92 353 0.757870
92 355 0.202966
92 310 0.347117
92 420 4.029218
92 99 9.149247
92 304 2.024365
92 332 1.501771
93 312 2.541985
93 314 5.031458
93 451 5.238006
93 380 5.357643
93 93 5.640368
93 301 2.270657
93 174 2.128137
93 445 5.528827
93 438 1.882300
93 466 4.974114
93 250 1.413894
93 207 1.173520
93 374 9.085772
93 236 4.755315
93 232 5.384898
93 189 5.208456
93 326 0.323320
93 363 0.672050
93 160 3.517450
93 270 4.039167
93 288 2.943201
93 294 1.122379
93 366 1.069746
93 289 0.728439
93 348 0.314727
93 165 0.405470
93 153 0.456123
93 490 0.141854
93 99 0.703113
93 258 0.135743
94 232 0.222257
94 239 0.391655
94 349 0.551641
94 96 0.768105
94 291 4.118188
94 259 0.696720
94 188 0.267211
94 138 5.664422
94 159 4.613247
94 217 8.174726
94 292 8.920560
94 332 4.518971
94 430 1.796411
95 426 0.426339
95 272 5.040618
95 274 2.510835
95 311 2.420371
95 460 5.667402
95 470 1.643125
95 229 5.485664
95 210 5.771064
95 450 4.084199
95 372 4.190564
95 455 2.294948
95 202 2.908390
95 302 1.683416
95 457 9.293212
95 478 1.737756
95 160 0.498987
95 194 0.520886
95 240 0.658837
95 259 0.632503
95 222 0.325909
95 239 0.527900
95 139 2.696880
95 395 1.306406
95 146 2.967709
95 332 0.533394
95 376 0.364655
96 320 0.166819
96 365 0.537835
96 142 2.499202
96 316 2.387334
96 192 4.603367
96 324 2.564899
96 329 5.140112
96 458 5.239116
96 467 8.563283
96 343 0.568875
96 262 0.306092
96 394 0.104547
96 207 0.253479
96 104 0.701634
96 225 8.714201
96 231 0.346540
96 140 0.407243
96 447 0.728698
96 146 0.670266
97 446 0.400863
97 461 0.550671
97 165 1.248957
97 176 5.401312
97 190 5.475554
97 342 1.943442
97 222 4.402927
97 184 6.256687
97 483 1.647370
97 331 2.524510
97 145 2.714440
97 349 1.550999
97 237 1.240451
97 325 5.097275
97 477 4.890479
97 97 6.815611
97 195 9.875327
97 119 5.120344
97 245 0.161028
97 189 0.634136
97 255 0.539358
97 153 0.293934
97 390 0.775915
97 250 0.210329
97 160 0.346800
97 279 0.200791
98 314 1.816494
98 270 9.368795
98 366 2.804147
98 353 8.307577
98 245 8.392166
98 370 8.043899
98 486 4.191181
98 381 2.657341
98 405 1.168596
98 428 0.738330
98 341 0.110392
98 342 0.724476
98 201 6.441457
98 227 1.118874
98 252 1.058255
98 294 2.389636
98 195 0.504168
98 307 0.496591
98 191 0.269764
98 420 0.383186
99 393 0.200620
99 461 0.330924
99 146 0.604937
99 371 2.374773
99 384 9.744964
99 464 2.323049
99 215 1.373985
99 293 0.311356
99 478 0.683236
99 159 2.362910
99 204 1.301525
99 281 2.401805
99 304 4.282773
99 471 6.566385
100 426 0.325817
100 351 0.118187
100 465 1.631502
100 300 2.262437
100 187 2.449935
100 384 4.609997
100 133 1.218656
100 277 8.196146
100 494 5.386163
100 401 2.730983
100 464 1.952783
100 293 0.556311
100 319 0.340825
100 482 0.729539
100 320 0.519045
100 101 2.882079
100 171 1.837633
100 204 2.799223
100 258 2.012717
100 281 5.650643
100 309 1.439386
100 448 5.791141
100 456 8.787603
101 479 0.678755
101 342 0.773740
101 237 0.670842
101 149 0.142294
101 228 0.121930
101 282 2.794280
101 423 1.962488
101 376 5.459451
101 265 6.356460
101 432 4.300930
101 215 4.594796
101 358 6.686108
101 429 4.443253
101 416 5.585114
101 401 1.069780
101 489 6.622173
101 481 8.712647
101 452 1.228799
101 304 4.212977
101 338 6.955841
101 128 2.661818
101 352 8.746206
101 258 1.340022
101 384 2.518782
101 266 4.766102
101 428 4.740830
101 371 2.842579
101 175 2.401757
101 246 2.806544
101 103 6.394081
101 150 0.617459
101 395 0.584376
101 158 0.197358
101 291 0.472418
101 316 0.681458
101 405 0.393617
101 499 0.651822
101 438 0.732981
101 488 0.727562
102 239 0.760919
102 328 0.553329
102 350 0.579399
102 331 0.152108
102 257 1.390989
102 140 2.633357
102 420 4.354956
102 211 0.199107
102 273 0.371041
102 378 0.330294
103 499 0.523482
103 458 0.223984
103 154 2.707556
103 103 8.687067
103 399 0.756883
103 413 0.779089
103 419 0.187189
103 204 2.959041
103 376 8.499931
103 448 2.387888
104 232 4.368796
104 104 6.557743
104 400 8.551257
104 239 6.456604
104 407 2.794200
104 499 2.748497
104 476 1.582040
104 355 5.372472
104 164 1.064520
104 345 5.131505
104 220 5.029243
104 409 1.283721
104 380 0.504314
104 312 0.746153
104 450 0.720508
104 313 2.297797
104 350 2.338130
104 127 0.489907
104 496 0.463857
104 255 0.553657
104 204 0.300681
104 226 0.204863
105 361 0.572873
105 377 0.657977
105 347 3.395210
105 441 0.639202
105 356 0.753403
105 490 0.711692
105 257 4.575430
105 396 1.949856
105 140 1.183644
105 144 1.273979
105 418 5.807483
105 291 6.713422
105 420 8.510331
105 346 1.623810
105 233 6.790335
106 294 0.493014
106 262 5.335148
106 199 1.812804
106 293 5.500431
106 196 4.563325
106 238 0.331053
106 299 0.330149
106 448 0.539439
106 348 2.981378
107 366 0.723396
107 446 0.196859
107 364 4.414667
107 218 1.566052
107 161 2.882021
107 267 0.376695
107 198 6.859964
107 239 2.596957
107 379 0.609170
107 121 0.517242
107 432 0.401521
108 234 0.104192
108 314 0.354419
108 368 0.276626
108 158 0.613898
108 166 1.125568
108 215 6.426674
108 128 5.698904
108 397 0.755418
108 496 0.222582
108 220 0.466615
108 159 9.838570
108 209 1.031963
108 263 4.344517
108 430 6.637511
109 260 0.353102
109 172 0.104100
109 233 0.718601
109 277 1.727055
109 371 6.936339
109 359 2.941903
109 491 0.567726
109 480 0.294614
109 110 9.140552
109 131 4.336169
109 217 4.765234
109 471 9.336432
110 388 0.620160
110 281 4.962893
110 423 2.282718
110 459 1.568658
110 359 2.989063
110 309 1.179113
110 130 1.701446
110 269 2.361683
110 428 5.620222
110 304 4.562931
110 282 2.315443
110 429 6.969452
110 383 0.519038
110 158 0.714195
110 287 0.243388
110 482 0.343800
110 370 0.379114
110 171 9.841107
110 204 2.005422
110 215 6.564647
110 332 2.393831
110 464 2.552301
110 471 4.005335
111 180 0.617429
111 314 0.514954
111 308 0.372243
111 222 0.696807
111 225 0.610866
111 186 4.428517
111 340 0.303856
111 378 0.200614
111 379 6.060884
111 149 1.377827
111 172 2.435733
111 178 4.640705
111 197 4.964410
111 491 8.651216
111 255 1.925543
112 440 2.898586
112 225 2.539786
112 458 5.855341
112 385 0.686332
112 471 0.413228
112 248 1.085252
112 127 5.967127
112 386 0.578660
112 123 0.295800
113 297 0.515574
113 479 2.531418
113 476 1.114827
113 280 5.811941
113 123 0.747107
113 445 0.275384
113 435 0.130341
113 340 0.606351
113 161 4.659165
113 179 5.637276
113 216 2.649995
113 348 1.116169
113 364 4.213959
113 408 4.275498
113 409 2.948203
113 410 2.838982
113 233 0.245341
114 334 0.259441
114 377 0.212313
114 362 8.494412
114 382 6.541259
114 208 2.002064
114 475 1.262786
114 230 2.178808
114 153 1.098464
114 181 6.857998
114 360 2.386315
114 149 2.784887
114 221 2.039721
114 491 4.442311
114 231 1.160961
114 167 6.405893
114 186 2.543799
114 426 1.913067
114 183 9.677878
114 463 6.153051
114 490 1.339124
114 443 2.225466
114 411 1.592113
114 223 8.027861
114 170 1.143814
114 469 4.151380
114 480 2.549091
114 327 0.449850
114 329 0.248923
114 232 0.599117
114 427 0.341551
114 355 0.292989
114 458 0.188539
114 385 4.791467
114 255 2.687125
114 157 0.698630
114 401 0.624007
114 424 0.266325
115 377 0.166233
115 379 1.543798
115 475 4.401291
115 249 2.767034
115 230 6.412384
115 258 0.591893
115 409 0.692644
115 126 1.454893
115 148 1.038964
115 149 5.737247
115 153 1.929762
115 170 6.889123
115 434 1.882323
115 490 2.233396
115 229 3.454350
116 365 5.155822
116 344 1.407783
116 337 2.519646
116 212 1.257777
116 196 1.706641
116 393 1.334259
116 261 5.690034
116 279 1.639547
116 364 2.244330
116 182 4.494298
116 441 1.317045
116 161 1.484147
116 461 1.881864
116 199 2.785786
116 419 2.613506
116 479 4.492469
116 431 2.153215
116 293 1.904344
116 310 0.278559
116 265 0.393188
116 445 0.258666
116 473 0.172642
116 195 0.565717
116 308 0.211102
116 313 2.461641
116 315 4.057494
116 348 9.221003
116 389 9.501372
116 410 8.089201
116 483 0.219791
116 223 0.528439
117 461 1.643870
117 437 1.425612
117 494 0.533834
117 132 1.719123
117 137 1.019530
117 410 8.169843
117 479 2.024286
117 225 0.686838
117 411 4.491176
117 274 3.006938
117 481 0.463445
118 179 9.382403
118 280 2.900235
118 441 4.482512
118 479 2.925915
118 337 1.379565
118 315 8.374029
118 273 4.841392
118 331 0.682255
118 403 0.299197
118 225 0.205636
118 137 2.631969
118 216 2.953815
118 262 6.166414
118 346 0.403367
118 484 0.229135
119 308 0.423187
119 176 6.192450
119 325 2.787969
119 331 8.409462
119 342 8.577371
119 237 2.788816
119 254 0.780342
120 232 0.478590
120 235 0.140900
120 348 2.013240
120 437 1.256484
120 400 2.901050
120 320 9.103947
120 499 4.204950
120 381 0.392371
120 398 0.272001
120 221 0.347153
120 137 4.820788
120 239 6.637997
120 289 2.849032
120 313 2.464951
120 345 2.352052
120 347 6.984335
120 389 1.288646
120 410 4.628061
120 479 2.896913
120 394 0.464097
120 139 0.456185
120 300 0.271466
120 309 0.128060
120 430 0.685659
121 257 1.369584
121 418 2.497083
121 346 9.218148
121 420 9.648452
121 173 2.342440
121 122 4.799981
121 414 2.385194
121 457 0.441353
121 174 0.498762
121 472 0.119365
121 209 3.437679
121 448 0.684349
121 484 0.345177
122 315 0.779874
122 184 0.376402
122 480 0.411781
122 268 0.461448
122 257 2.246382
122 140 2.735563
122 144 2.163140
122 291 2.106025
122 296 6.693142
122 313 0.715579
123 387 0.683208
123 169 9.083294
123 310 0.281463
123 130 2.312468
123 171 2.525834
123 292 5.713840
123 376 8.891880
123 464 6.477424
123 481 1.087976
124 366 0.310113
124 468 0.141934
124 137 6.523391
124 431 2.091597
124 124 2.299679
124 322 0.312488
124 484 0.511642
124 196 1.850934
124 239 5.816556
124 347 4.539409
124 363 6.533161
124 393 6.731523
124 479 8.447120
124 325 0.119733
124 172 0.733175
124 406 0.342060
125 361 4.696268
125 261 1.440502
125 218 2.479855
125 328 6.191928
125 348 1.565499
125 196 8.280223
125 183 0.655076
125 349 3.389243
125 176 0.116211
125 137 4.032620
125 239 1.147482
125 289 2.521498
125 315 2.243208
125 344 4.690854
125 347 1.054667
125 383 0.287249
125 391 0.475807
125 257 0.229058
126 198 0.175837
126 362 8.321777
126 490 2.939295
126 379 2.749774
126 134 4.818271
126 360 5.732950
126 126 2.405866
126 482 6.598321
126 208 2.126967
126 286 1.903983
126 387 6.359263
126 486 0.783031
126 216 0.673615
126 483 0.408692
126 338 0.303219
126 382 2.905988
126 434 6.056698
126 267 0.146389
127 427 0.501567
127 357 0.201398
127 142 2.010447
127 225 1.408748
127 356 2.629528
127 248 6.873953
127 127 4.998484
127 458 1.274817
127 307 2.485612
127 329 2.570536
127 155 2.146888
127 467 4.818678
127 316 4.454832
127 468 0.349144
127 470 0.285667
127 325 0.573041
127 381 0.339960
127 487 0.140759
127 349 0.376092
127 405 0.535960
127 149 0.625849
127 146 0.670762
128 415 0.643651
128 221 0.788301
128 243 2.660279
128 448 2.833911
128 339 0.266652
128 308 0.138170
128 185 0.732717
128 131 2.297056
128 133 2.167190
128 135 2.400617
128 154 1.001610
128 169 9.438612
128 217 6.042842
128 281 2.704906
129 270 0.788676
129 279 2.925055
129 182 9.933111
129 212 8.491705
129 228 0.197493
129 401 0.474614
129 137 9.125444
129 161 4.713247
129 341 2.398639
129 350 5.979404
129 389 5.919427
129 479 1.720089
129 225 0.436089
129 383 0.234291
129 191 0.593977
129 303 0.605841
130 143 0.686743
130 362 0.298963
130 382 0.336267
130 430 5.686450
130 175 2.065601
130 338 1.529450
130 432 4.480091
130 359 9.605086
130 494 2.292297
130 419 0.289193
130 145 0.482742
130 176 0.222919
130 157 1.519993
130 292 2.878575
130 332 4.669374
130 454 1.222602
130 481 1.518956
131 288 0.194855
131 259 0.432929
131 470 0.669099
131 281 1.581735
131 432 5.921100
131 456 1.092650
131 289 0.174474
131 312 0.517112
131 222 0.654935
131 175 6.812657
131 209 6.957378
131 258 1.773809
131 304 1.630524
131 464 2.543451
132 259 4.539233
132 348 2.701335
132 198 4.888193
132 132 2.579634
132 285 0.104920
132 394 0.283698
132 347 4.101544
132 389 5.829358
132 419 2.046605
132 479 5.196008
133 236 0.535431
133 239 0.106008
133 372 0.435769
133 251 5.708198
133 358 1.139136
133 207 0.667274
133 302 0.218770
133 390 0.101302
133 157 2.552668
133 204 5.495665
133 217 1.444769
133 263 9.801596
133 281 4.026594
133 401 9.673110
133 430 2.706189
133 464 2.397213
134 286 6.741556
134 197 2.412974
134 170 2.116554
134 208 5.466575
134 362 2.287828
134 188 2.910602
134 496 1.208126
134 345 0.422766
134 399 0.623408
134 478 0.789811
134 259 0.779040
134 149 2.345397
134 223 1.941701
134 490 1.662093
134 255 1.255459
134 194 0.510839
135 366 0.203728
135 230 0.271509
135 414 0.180344
135 256 6.089644
135 354 1.655325
135 452 2.928828
135 292 2.010406
135 432 8.807966
135 200 2.168680
135 195 0.379865
135 293 0.126151
135 193 0.486101
135 401 2.796493
135 448 1.491538
135 456 6.566714
136 404 0.486283
136 351 2.937850
136 391 2.011818
136 268 5.670474
136 152 9.887286
136 247 0.220312
136 139 0.505116
136 168 0.589435
136 394 5.681366
136 397 4.749517
136 425 2.099571
136 191 9.547223
136 219 5.404694
137 410 2.325624
137 259 5.748030
137 320 9.549138
137 273 4.271186
137 365 1.830273
137 261 6.503183
137 279 2.287055
137 487 1.846037
137 408 4.949252
137 164 5.796320
137 247 6.083412
137 239 2.359377
137 493 9.353972
137 293 2.734528
137 198 2.345246
137 364 4.791858
137 262 2.681283
137 345 6.195627
137 280 1.948653
137 441 2.221604
137 389 1.560081
137 358 0.645235
137 286 0.408825
137 151 0.107534
137 387 0.639551
137 275 0.135005
137 203 0.158994
137 316 0.243469
137 356 0.358109
137 179 5.043269
137 218 4.739105
137 347 8.385308
137 461 5.631443
137 479 9.868574
137 495 0.373996
137 163 0.472349
137 296 0.542305
137 403 0.787314
137 299 0.638059
137 336 0.178910
137 430 0.727823
138 308 0.325717
138 190 0.755690
138 237 0.646945
138 254 2.500072
138 281 9.317221
138 424 2.153273
138 160 6.153272
138 359 1.226253
138 321 2.890741
138 284 2.226082
138 344 0.345862
138 425 0.271420
138 351 0.557318
138 256 6.417778
138 332 5.905971
138 376 6.758219
139 294 0.779282
139 479 0.256499
139 274 1.276274
139 311 5.114914
139 327 9.673011
139 402 2.710878
139 498 2.882314
139 202 4.538626
139 207 0.113470
139 193 0.506712
139 288 0.760375
139 485 9.838056
140 427 0.662918
140 164 0.330989
140 257 8.973385
140 396 1.064981
140 238 1.656210
140 414 1.035674
140 343 2.964516
140 144 2.926524
140 291 8.874760
140 453 9.692163
140 173 2.803837
140 140 1.633082
140 163 2.088180
140 418 2.037722
140 447 8.280609
140 233 1.521492
140 420 2.450271
140 346 2.113431
140 231 0.538155
140 292 0.640397
140 181 0.676403
140 340 0.410964
140 478 0.137024
140 190 0.612410
140 332 0.207065
140 212 0.219309
141 174 0.687412
141 156 0.306653
141 249 0.137942
141 392 1.924368
141 272 2.258779
141 402 1.995883
141 210 1.747914
141 146 9.237246
141 498 5.149828
141 282 0.515919
141 365 0.734620
141 320 0.448870
141 240 0.562798
141 460 2.584429
141 470 6.784279
142 330 0.114004
142 316 1.724366
142 155 1.306105
142 440 5.432892
142 462 0.126006
142 160 0.149653
142 468 0.299240
142 192 6.061984
142 324 1.038666
142 458 5.185941
142 197 0.666787
142 230 0.495140
143 260 5.938807
143 156 2.411258
143 308 9.523781
143 213 2.888200
143 310 6.345605
143 421 2.044091
143 309 0.590818
143 382 0.423656
143 446 6.443684
143 197 0.472390
143 460 0.474038
143 358 0.289181
143 464 0.700486
144 151 0.101039
144 328 0.410392
144 409 0.478156
144 257 2.070448
144 144 9.981748
144 158 4.072967
144 253 1.364093
144 233 8.313428
144 414 1.636897
144 242 0.718087
144 283 0.147025
144 282 0.259973
144 371 0.246143
144 389 0.231289
144 174 0.254983
144 418 1.209599
144 163 5.773596
144 169 0.156784
145 190 2.154139
145 477 1.129331
145 342 5.672633
145 195 9.109119
145 243 0.629054
145 173 0.488340
145 360 0.727627
145 165 1.387060
145 184 8.414453
145 325 9.168280
145 331 1.941378
145 237 8.433581
145 219 0.501847
145 492 0.169785
145 454 0.379613
146 222 0.610410
146 474 0.216525
146 274 6.745091
146 392 1.367029
146 162 8.194386
146 478 6.565499
146 264 2.328031
146 224 1.475247
146 202 9.124652
146 302 1.537056
146 283 9.836055
146 272 2.755226
146 403 6.201068
146 206 2.645672
146 244 5.029998
146 498 1.053099
146 228 4.912002
146 450 8.413830
146 455 8.262015
146 476 0.127831
146 193 0.160307
146 367 0.488209
146 391 0.797203
146 270 0.152296
146 460 1.401564
146 485 1.872366
146 492 4.543064
147 341 0.657074
147 407 0.673582
147 477 0.271742
147 443 0.609184
147 268 4.340237
147 317 9.074178
147 390 1.478650
147 394 6.394900
147 241 0.208412
147 191 4.403304
147 219 5.653701
147 296 0.122734
147 465 0.741805
148 379 8.712235
148 382 1.482723
148 388 4.622529
148 434 2.846948
148 286 5.579681
148 439 2.374896
148 178 1.028785
148 469 1.300278
148 289 0.489393
148 198 0.264888
148 410 0.249239
148 473 0.208253
148 153 1.855823
148 172 2.529823
148 203 2.959551
148 230 6.353802
148 210 0.455706
149 305 0.281199
149 367 0.473176
149 389 0.238498
149 382 5.207518
149 388 2.180684
149 185 1.192284
149 462 4.601461
149 221 2.649025
149 387 2.242801
149 188 1.292741
149 360 8.246905
149 469 2.398543
149 183 2.549445
149 181 5.957933
149 249 6.475478
149 434 2.599051
149 495 1.052894
149 271 6.184600
149 193 1.779397
149 153 5.149202
149 172 6.688383
149 208 2.524232
149 428 0.370868
149 246 0.563929
149 248 0.132488
149 198 0.623906
149 397 0.726929
149 381 0.560426
149 480 4.772885
149 490 5.606794
149 255 9.892875
149 413 0.411842
150 466 0.431094
150 425 0.426227
150 272 8.763162
150 274 2.837938
150 344 0.280734
150 460 2.982922
150 159 0.332811
150 217 0.781237
151 260 5.797495
151 275 4.676119
151 310 6.337698
151 497 4.263864
151 339 9.732882
151 308 1.738634
151 404 0.254063
151 251 0.514435
151 421 6.445432
151 357 1.214482
151 373 9.511127
151 179 0.380748
152 440 0.300668
152 278 4.920733
152 287 8.799262
152 322 4.687679
152 351 1.948321
152 390 1.201371
152 394 1.673178
152 397 2.984658
152 386 2.839001
152 318 5.087985
152 267 2.186488
152 326 1.693591
152 404 0.715006
152 459 0.187675
152 200 0.374862
152 421 0.667299
152 251 0.114448
152 191 5.681816
152 219 2.872576
152 450 3.545131
153 207 0.311898
153 214 0.490352
153 405 0.508056
153 360 6.190019
153 382 5.176583
153 231 9.781715
153 462 4.310002
153 249 5.741836
153 482 9.204024
153 168 2.784657
153 271 2.541531
153 174 0.437571
153 349 0.574304
153 298 0.727374
153 432 0.542186
153 252 0.248613
153 203 5.346815
153 221 1.439592
153 230 8.225897
153 491 5.077551
154 154 4.150756
154 340 9.245845
154 242 6.882217
154 172 0.183458
154 472 0.141614
154 157 1.383875
154 159 1.274607
154 217 4.178852
154 376 2.678579
155 368 0.503602
155 345 0.274077
155 440 6.246393
155 196 0.613553
155 384 0.483093
155 316 5.778695
155 329 6.992602
155 458 1.533312
155 474 5.446385
155 225 1.793728
155 356 2.917072
156 367 0.232339
156 451 0.291885
156 497 5.960598
156 308 2.718461
156 357 5.179231
156 275 2.053504
156 156 8.972027
156 213 8.933113
156 373 2.495842
156 339 1.211307
156 418 0.347804
156 238 0.159640
156 231 0.305622
156 455 0.483422
156 446 6.052582
156 273 0.325685
156 341 0.451058
156 425 0.578209
156 424 0.766308
157 367 0.145207
157 344 0.523535
157 203 0.620709
157 394 0.691791
157 162 0.723759
157 460 0.262078
157 187 6.239658
157 200 2.790488
157 277 6.782101
157 354 4.671954
157 171 6.907660
157 385 1.289707
157 226 1.113039
157 336 4.985316
157 424 6.739848
157 244 0.517928
157 341 0.502871
157 436 0.654320
157 222 0.639493
157 159 6.159611
157 166 1.274870
157 204 8.352739
157 332 9.635034
157 376 2.085327
157 430 8.948790
157 448 2.827147
158 227 0.540266
158 377 0.124644
158 414 5.075596
158 291 1.051695
158 295 0.774997
158 298 0.280369
159 418 0.115865
159 401 2.716496
159 269 2.657972
159 266 4.486863
159 333 6.741884
159 448 1.498550
159 422 8.623045
159 246 2.876733
159 265 2.099011
159 340 1.891634
159 429 4.214169
159 204 1.314980
159 322 0.770686
159 310 0.653180
159 439 0.500248
159 377 0.397363
160 370 0.786330
160 499 0.550405
160 223 0.360098
160 491 0.336132
160 243 8.682590
160 232 0.153764
160 208 0.346358
160 396 0.313617
160 217 1.737024
160 448 1.096453
161 201 0.294073
161 305 0.203218
161 476 1.432652
161 320 8.943930
161 198 8.574909
161 262 6.932593
161 408 6.196444
161 279 2.688378
161 203 0.327161
161 471 0.381054
161 197 0.736897
161 432 0.671710
161 489 0.767764
161 164 9.570367
161 179 5.706333
161 212 1.136707
161 347 2.617437
161 348 4.541650
161 393 5.766355
161 409 6.779920
161 410 5.661925
161 470 0.325272
162 479 0.251537
162 274 1.301897
162 311 2.052349
162 372 9.238386
162 498 8.092363
162 202 8.925553
162 210 8.170989
162 228 9.053510
162 229 2.726793
162 341 0.538398
162 374 0.592433
162 208 0.693277
162 460 5.390093
162 485 8.087519
162 332 0.272251
163 298 0.392455
163 324 0.112039
163 172 0.516316
163 447 2.664980
163 379 0.208033
163 291 1.294343
163 253 8.873731
163 263 0.680506
164 466 0.782719
164 218 1.824111
164 487 4.127277
164 431 9.000475
164 259 2.795659
164 345 2.526291
164 422 0.354599
164 212 2.162643
164 247 2.935042
164 348 9.839304
164 363 1.843953
164 409 5.176322
164 181 0.701157
164 395 0.622859
164 423 0.380314
165 205 0.545065
165 342 2.362827
165 190 9.420566
165 195 2.501825
165 299 0.384299
165 292 0.592870
165 176 2.961969
165 184 9.161436
165 477 4.733027
165 222 4.918271
165 237 1.880125
165 316 0.612515
165 324 0.171333
165 449 0.765352
165 229 0.455152
166 276 0.155760
166 297 0.430515
166 433 0.168019
166 466 0.594094
166 424 2.669878
166 338 1.306622
166 446 0.457130
166 298 0.655272
166 486 0.384770
166 328 0.250630
166 169 6.474840
166 209 5.087700
166 281 5.728449
166 376 4.140619
166 401 9.415812
167 273 0.579118
167 348 0.446239
167 356 0.549350
167 382 1.624582
167 231 4.663347
167 469 4.334811
167 255 4.762765
167 360 5.177469
167 484 0.525215
167 426 2.680217
167 172 8.232158
167 181 9.408580
167 197 2.312033
167 490 2.476684
167 491 1.999166
167 376 0.743405
168 366 0.483912
168 382 2.021554
168 383 2.299164
168 387 8.203714
168 193 1.390913
168 443 1.254696
168 434 5.497341
168 181 4.828910
168 187 0.547248
168 406 0.198134
168 357 0.142070
168 220 0.782822
168 462 2.131346
168 491 1.750957
168 257 0.784408
169 499 0.506330
169 351 0.132852
169 281 1.080456
169 424 6.202068
169 481 5.826398
169 263 2.628421
169 428 2.123202
169 204 5.694543
169 200 2.384692
169 332 1.023617
169 299 8.869888
169 365 0.649990
169 482 0.643757
169 229 0.310901
169 265 5.733940
169 304 1.020495
170 451 4.953323
170 362 2.724968
170 426 5.330401
170 463 2.221099
170 188 6.703152
170 211 0.642497
170 181 1.191358
170 230 1.406632
170 491 5.515116
170 394 0.730666
170 219 0.193981
170 414 0.288067
170 471 0.603355
171 393 0.436208
171 291 0.499839
171 471 1.710818
171 277 2.715508
171 281 4.367402
171 448 8.903432
171 401 6.194815
171 254 6.289036
171 359 5.586193
171 489 4.392624
171 446 0.476901
171 320 0.448614
171 472 0.607561
171 196 0.416576
171 226 1.458857
171 333 1.904974
171 464 6.582831
172 207 0.420552
172 270 0.734867
172 237 0.348893
172 382 5.375596
172 383 2.645302
172 426 8.688126
172 379 8.945187
172 362 1.788336
172 223 6.508703
172 469 1.228622
172 439 2.670238
172 230 4.071893
172 360 4.927418
172 183 2.669880
172 463 2.064558
172 388 5.163579
172 188 1.805192
172 241 1.802438
172 231 1.096096
172 471 0.693452
172 440 0.434475
172 245 0.254469
172 410 0.660064
172 193 2.573054
172 491 1.884237
172 255 2.947658
172 396 0.223212
172 384 0.121971
172 464 0.784596
173 247 0.296822
173 257 4.121316
173 291 2.950428
173 296 9.685408
173 414 9.663236
173 173 9.259308
173 331 0.512938
173 309 0.348407
173 254 0.408205
173 453 8.081343
173 253 1.443309
173 263 0.468898
173 464 0.451187
174 177 4.221243
174 270 4.772136
174 472 1.763148
174 235 4.488907
174 312 6.031755
174 189 2.787628
174 250 1.306560
174 427 5.261669
174 311 0.763984
174 366 2.496183
174 404 1.372372
174 405 2.370108
174 466 1.296225
174 360 0.582724
174 392 0.329307
174 210 0.274658
174 376 0.281290
175 298 0.126410
175 377 0.206446
175 390 0.531161
175 371 2.993040
175 459 1.828679
175 416 4.418332
175 393 0.201640
175 398 0.138299
175 263 2.327685
175 376 2.658076
176 477 1.804501
176 222 2.844862
176 349 1.027144
176 190 1.629249
176 325 5.032327
176 318 0.607979
176 456 0.777259
176 302 0.223911
176 213 0.178150
176 331 1.291200
176 342 4.863052
176 191 0.123115
177 276 6.474582
177 472 9.482661
177 404 2.433048
177 250 5.510491
177 335 1.016569
177 314 1.853478
177 368 8.361250
177 227 2.462633
177 238 0.590968
177 428 0.687495
177 356 0.484841
177 361 2.036997
177 366 2.185633
177 377 9.734103
177 380 6.523669
177 405 2.121081
177 433 5.001347
178 387 9.799662
178 463 9.740895
178 362 1.277743
178 495 2.419734
178 439 5.164925
178 440 0.395293
178 389 0.166603
178 244 0.697316
178 490 9.146196
178 491 2.014948
179 365 5.108742
179 182 2.873968
179 345 9.729043
179 198 9.602199
179 348 2.976775
179 363 2.955102
179 410 2.893352
180 201 1.751880
180 444 9.023488
180 214 2.907160
180 252 1.246412
180 353 8.279987
180 245 1.122849
180 403 0.178995
180 235 5.107781
180 236 5.960854
180 288 8.713943
180 366 2.570273
180 405 8.474945
180 447 0.586688
181 451 0.500182
181 379 9.317506
181 382 5.930874
181 383 1.736554
181 439 1.475021
181 286 6.096161
181 443 6.933292
181 203 5.267323
181 480 2.314907
181 491 2.251620
181 490 8.554205
181 385 0.316519
181 445 0.403025
181 399 0.592570
181 462 9.975788
181 221 2.685386
182 182 1.932211
182 439 0.459078
182 429 0.232438
182 224 0.629494
182 239 1.886315
182 315 1.683896
182 348 2.834535
182 407 2.823372
182 461 1.659038
183 205 0.634340
183 426 1.568789
183 379 6.851543
183 343 0.379519
183 371 0.296518
183 476 0.503249
183 221 1.814431
183 230 1.309061
183 490 2.242379
183 425 0.492481
184 190 1.936334
184 184 2.436574
184 331 5.839200
184 325 9.105648
184 332 0.649427
184 358 0.435580
184 195 2.341393
184 222 1.562091
184 352 0.570891
185 235 0.230294
185 367 3.734400
185 362 2.960253
185 383 8.578674
185 426 2.672623
185 191 0.770961
185 200 0.472958
185 221 4.668693
185 490 1.030825
185 491 5.138589
186 388 2.527258
186 426 4.446952
186 434 2.322134
186 193 8.648441
186 491 1.870055
186 496 9.263473
186 382 2.558085
186 223 1.067044
186 255 2.086049
186 362 2.117652
186 436 8.704509
186 197 2.786079
186 230 1.858823
186 439 1.120562
186 455 0.418887
186 330 0.408168
186 446 0.221806
186 386 0.570506
186 325 0.731510
186 490 9.789957
186 295 0.529108
186 432 0.755913
187 270 0.299941
187 315 0.206614
187 264 0.184566
187 194 1.364460
187 203 0.143660
187 479 0.355402
187 268 0.467400
187 304 2.135203
187 376 6.504444
188 235 0.381153
188 353 0.611906
188 329 0.563996
188 382 1.491179
188 383 9.041138
188 490 2.292648
188 491 8.884240
188 255 4.315493
188 333 0.333752
189 374 2.194643
189 438 2.600230
189 189 1.887077
189 298 5.957992
189 335 1.687678
189 270 1.977331
189 382 0.155175
189 386 0.559218
189 232 4.928219
189 245 2.152223
189 288 1.859505
189 305 1.514021
189 405 2.985680
189 363 0.538990
189 394 0.242326
189 395 0.783530
189 401 0.471231
190 252 0.379016
190 497 0.349483
190 344 0.538398
190 237 1.214513
190 327 0.565756
190 481 0.614897
191 374 0.265641
191 466 0.766313
191 261 0.661778
191 476 0.153478
191 325 3.016170
191 426 0.244706
191 326 4.883839
191 351 8.373847
191 394 2.655486
191 425 1.403025
191 399 6.670236
191 390 1.692835
191 391 8.318803
191 317 2.756641
191 278 5.055627
191 287 1.550342
191 295 1.860979
191 413 4.592585
191 386 8.368938
191 435 1.633795
191 397 6.294962
191 318 1.934731
191 200 0.453832
191 430 0.373488
191 436 0.230731
191 411 0.227938
191 199 0.734132
191 219 9.213627
192 440 6.187841
192 248 9.503631
192 225 4.909909
192 324 2.208817
192 467 2.992377
192 316 4.864100
192 458 9.910098
192 356 2.026362
192 329 2.739225
192 192 2.772532
192 267 0.426695
192 481 0.213563
192 365 0.583481
193 374 0.507818
193 382 5.937296
193 482 1.327313
193 286 4.300561
193 193 2.044825
193 213 0.261424
193 287 0.116403
193 475 2.872696
193 223 5.522993
193 491 2.730518
193 255 2.935508
193 326 0.777837
193 460 0.494233
194 389 0.659982
194 452 4.813757
194 352 8.487101
194 217 6.414543
194 284 5.290035
194 422 8.318527
195 466 0.183994
195 347 0.493801
195 483 9.896874
195 282 0.734261
195 250 0.371988
195 325 1.251346
195 331 2.530295
195 237 1.180331
195 295 0.354994
196 337 2.959861
196 419 1.714673
196 410 5.067329
196 431 4.272459
196 328 2.555241
196 400 4.601476
196 297 0.156480
196 204 0.411254
196 321 0.703557
196 294 0.783311
196 216 1.065856
196 348 4.483514
196 350 6.869068
196 389 8.957279
196 382 0.457848
196 255 0.455265
197 345 0.238917
197 409 0.598628
197 382 1.994431
197 383 9.535340
197 475 1.700002
197 249 6.290215
197 482 5.393772
197 462 6.975129
197 271 4.298499
197 201 0.580710
197 237 0.255341
197 255 9.354577
197 422 4.881860
198 236 0.244868
198 313 2.690128
198 198 2.640597
198 280 1.529897
198 344 2.340698
198 289 1.589791
198 247 6.838344
198 409 1.749976
198 279 2.708816
198 440 0.357444
198 423 0.494505
198 359 0.302298
198 275 0.265416
198 296 0.388707
198 348 4.698050
198 350 1.568760
198 458 0.315037
198 356 0.646151
198 491 0.783246
198 420 0.356766
199 389 2.836166
199 355 8.248714
199 408 2.307949
199 247 4.529399
199 413 0.714573
199 423 0.748662
199 309 0.423693
199 212 2.350226
199 348 6.316607
199 447 0.107728
200 389 0.210589
200 237 0.677177
200 496 0.379106
200 232 0.324096
200 376 2.452177
200 454 6.301584
200 464 4.740910
201 335 8.158355
201 375 2.708581
201 319 5.540711
201 250 5.324620
201 314 8.405092
201 234 2.156694
201 289 0.435721
201 211 0.549015
201 205 2.261454
201 227 9.091247
201 236 2.125926
201 405 8.375074
201 328 0.514738
201 281 0.398026
201 432 0.152485
202 314 0.149389
202 439 0.122582
202 274 4.850500
202 367 0.101173
202 460 8.480896
202 206 8.558002
202 470 2.741458
202 492 2.862537
202 217 0.268796
203 360 1.765441
203 362 4.255093
203 382 2.888179
203 387 4.929605
203 426 9.534891
203 434 5.849956
203 462 4.807386
203 231 6.001896
203 255 1.188626
203 491 9.184917
203 274 4.718937
203 309 0.364654
203 470 0.577404
203 437 0.336330
203 485 0.648553
203 223 8.959953
203 490 5.777923
203 226 0.255211
203 292 0.327077
204 339 0.733734
204 403 0.766977
204 242 9.603956
204 256 2.790290
204 465 1.967174
204 254 9.478326
204 277 5.421461
204 306 1.287964
204 354 9.638030
204 434 0.618639
204 460 0.304930
204 347 0.573343
204 226 2.118337
204 332 2.044531
204 464 1.049250
205 290 6.195070
205 270 1.052209
205 312 8.934379
205 276 4.932289
205 250 2.971062
205 330 9.085551
205 305 1.697079
205 427 6.356860
205 466 4.558614
205 369 8.289482
205 370 4.740437
205 368 1.877775
205 486 2.213520
205 433 2.243039
205 245 2.043894
205 377 6.801305
205 236 1.282297
205 285 2.711762
205 417 1.059517
205 319 4.696439
205 367 1.897518
205 472 1.024877
205 473 6.431376
205 288 2.081737
205 444 8.222899
205 214 8.696825
205 252 2.538444
205 445 1.889162
205 234 2.912868
205 361 8.031517
205 374 2.801084
205 375 8.290080
205 337 0.622873
205 461 4.329232
205 359 0.733063
205 322 0.465237
205 215 0.444432
205 207 8.915849
205 235 1.844072
205 297 1.633796
205 334 2.634785
205 380 1.618188
205 405 1.528711
205 239 4.749403
205 410 0.119690
205 479 0.286082
206 320 0.388214
206 453 0.275857
206 283 1.148762
206 372 4.398878
206 457 1.894190
206 210 4.625268
206 264 8.831207
206 498 8.421032
206 402 5.970995
206 284 0.584862
206 357 0.717697
206 256 0.627896
206 265 0.600931
206 425 0.158813
206 485 1.115325
206 492 4.819724
206 269 4.787549
206 277 0.431106
207 445 1.129168
207 366 5.393622
207 367 6.319768
207 252 6.472378
207 369 2.094023
207 335 9.404252
207 240 1.004904
207 444 2.717829
207 427 9.421922
207 438 2.172157
207 417 8.794223
207 381 8.540189
207 298 2.640999
207 301 2.388829
207 374 1.195283
207 307 0.582634
207 247 0.160283
207 347 0.761024
207 214 2.902064
207 245 5.401101
207 334 8.980018
207 433 5.642320
207 419 0.550401
207 284 0.301492
207 376 0.529478
208 294 0.746292
208 417 0.197077
208 373 0.403059
208 382 4.512588
208 383 1.909722
208 472 0.668112
208 475 1.461728
208 230 5.084493
208 490 2.453420
208 496 2.078732
208 219 0.492286
208 229 0.427108
209 334 0.174062
209 476 0.184263
209 416 5.855562
209 265 5.663720
209 216 0.476627
209 226 9.610547
209 304 8.511917
209 424 2.823894
210 410 0.111129
210 479 0.370420
210 346 0.302556
210 274 2.975196
210 395 1.727859
210 498 1.694699
210 283 6.604000
210 478 9.316797
210 488 2.935343
210 272 6.968741
210 344 0.422297
210 352 0.213108
210 351 0.763133
211 220 0.331940
211 222 0.471390
211 274 2.628012
211 327 2.713686
212 446 0.648894
212 497 0.554978
212 273 8.424203
212 410 5.053151
212 350 2.474524
212 437 6.304644
212 235 0.786322
212 316 0.334671
212 224 0.528746
212 254 0.445430
212 216 2.151581
212 348 2.798811
212 498 0.369015
213 276 0.445736
213 260 5.184154
213 421 2.094996
213 446 6.456329
213 339 8.497871
213 275 6.697009
213 310 4.535939
213 428 0.771740
213 222 0.678741
213 484 0.687150
213 434 0.341891
213 437 0.151693
214 294 1.499487
214 472 9.489393
214 405 4.995150
214 415 9.428868
214 312 1.834759
214 381 9.174116
214 240 1.024986
214 262 0.251501
214 453 0.690728
214 252 6.944314
214 270 1.172425
214 285 2.984737
214 290 2.939827
214 366 4.208031
214 433 1.691358
214 497 0.549069
214 457 0.457695
215 339 0.451234
215 419 0.579881
215 336 1.079712
215 448 1.063593
215 242 1.549045
215 306 6.772382
215 253 0.461274
215 279 0.333746
215 293 0.652041
215 499 0.691531
215 217 9.956255
215 304 6.249841
215 376 4.258828
216 461 8.124478
216 344 1.187155
216 419 8.726334
216 347 9.647824
216 273 2.764867
216 363 2.996501
216 279 6.769559
216 431 2.645756
216 485 0.413565
216 459 0.347269
216 372 0.106500
216 306 0.527380
216 251 0.524891
216 350 2.030738
216 410 5.723004
216 440 0.798620
216 496 0.162483
216 464 0.396906
217 270 0.573322
217 230 0.640281
217 287 0.542447
217 254 2.197684
217 265 4.459835
217 300 2.068128
217 448 2.600914
217 354 1.416699
217 226 9.613883
217 385 4.024937
217 471 9.432112
217 384 1.531424
217 243 2.065447
217 442 3.535627
217 261 0.684069
217 498 0.495661
217 418 0.371075
217 304 8.154708
217 464 1.765691
218 466 0.157621
218 344 6.559857
218 315 6.824470
218 347 1.918471
218 239 9.795786
218 408 9.350188
218 220 1.867732
218 261 5.228160
218 431 5.082016
218 393 8.250378
218 328 9.747631
218 392 0.224687
218 276 0.168270
218 300 0.383821
218 497 0.466942
218 312 0.595830
218 313 2.099846
218 341 4.644841
218 348 2.422457
218 452 0.668767
219 326 1.231158
219 394 8.343813
219 397 2.720188
219 413 4.249831
219 391 9.345437
219 322 5.206047
219 267 6.645561
219 318 1.283361
219 351 1.706529
219 287 4.376057
219 442 2.941827
219 317 1.449470
219 278 9.831535
219 378 8.254853
219 435 4.951662
219 449 9.501185
219 399 1.917233
219 425 6.344597
219 386 2.232023
219 275 0.239876
219 233 0.588212
219 301 0.772535
219 321 0.744847
219 494 0.769899
219 257 0.417527
219 269 0.784671
219 471 0.731965
220 405 0.181744
220 279 1.610295
220 461 2.073655
220 487 4.554524
220 271 0.131288
220 373 0.341428
220 410 8.446140
220 479 4.558287
221 288 0.241910
221 387 9.323881
221 315 0.632265
221 323 0.319526
221 490 2.485594
222 325 2.975921
222 331 2.098042
222 342 5.170759
222 349 2.221570
222 237 4.558813
222 307 0.625209
222 259 0.735237
222 327 0.713601
223 363 0.230674
223 286 2.627153
223 362 1.031356
223 388 2.063259
223 496 6.996519
223 262 0.635310
223 474 0.140261
223 287 0.669662
224 363 0.125483
224 327 1.713350
224 460 6.607934
224 403 2.388335
224 498 9.915326
224 492 5.112260
224 307 0.228995
224 232 0.134787
224 269 0.666367
224 238 0.333797
224 369 0.235970
224 449 0.269178
225 293 0.238584
225 400 0.229870
225 307 4.171029
225 440 2.092952
225 458 4.124462
225 225 8.873119
225 356 9.649715
225 329 1.142149
225 248 4.068366
225 474 2.790851
225 467 9.390058
225 320 0.144333
225 290 0.375704
225 455 0.175260
225 452 0.690913
225 431 0.225752
225 261 0.175951
225 351 0.526270
225 233 0.307172
225 304 0.501170
226 364 0.779314
226 349 0.725100
226 292 5.579204
226 300 5.280416
226 425 0.629199
226 448 4.327129
227 276 8.688026
227 234 1.917990
227 232 8.250137
227 366 9.136544
227 392 0.313606
227 270 2.519664
227 314 1.480232
227 380 1.892025
227 411 0.476163
228 276 0.593999
228 260 0.596306
228 426 0.546937
228 287 0.471561
228 403 2.312262
228 460 6.762911
228 272 1.960794
228 470 6.639406
228 311 4.247831
228 303 0.410606
228 323 3.490135
228 347 0.106976
228 252 0.437787
228 229 5.585719
229 337 0.719355
229 271 0.601318
229 274 4.233655
229 327 8.294197
229 283 8.255491
229 403 1.717238
229 451 0.105668
229 281 0.419127
229 452 0.610285
230 362 4.587649
230 475 9.624866
230 443 1.470793
230 379 1.984282
230 411 6.335677
230 490 1.889809
230 306 0.539963
230 342 0.292034
230 496 2.798476
230 265 0.700152
231 247 0.471201
231 474 0.269613
231 362 1.080751
231 463 4.839481
231 393 0.616715
231 313 4.870874
231 490 2.973622
231 491 6.646673
231 255 8.811297
231 304 0.625911
232 368 5.337984
232 438 6.770232
232 380 2.293113
232 245 5.503067
232 235 1.479340
232 276 6.501405
232 250 9.337480
232 334 1.651573
232 335 5.601507
232 439 0.750923
232 288 2.544568
232 297 4.735444
232 314 6.488978
232 361 9.325755
232 405 4.195421
233 286 0.677836
233 257 5.091320
233 414 1.704898
233 447 1.998466
233 453 2.207638
233 367 0.470376
233 377 0.636958
233 292 0.657406
233 354 0.154969
234 417 9.281122
234 298 1.711786
234 236 1.743467
234 374 4.535957
234 451 2.615423
234 240 2.452552
234 368 6.937465
234 445 6.757637
234 380 5.875007
234 357 0.388063
234 467 0.172432
234 241 0.376605
234 235 6.541006
234 367 8.966178
234 466 6.722193
234 304 0.650581
235 375 5.051323
235 444 8.785216
235 298 2.621244
235 377 1.861550
235 353 4.845663
235 381 2.263053
235 361 1.800948
235 319 4.304968
235 415 5.593733
235 380 4.468811
235 368 6.333970
235 466 1.751812
235 290 2.342440
235 453 0.535453
235 311 0.198358
235 393 0.675235
235 288 1.888032
235 366 2.667568
235 367 1.105916
235 451 1.781116
235 410 0.455570
235 437 0.674739
235 326 0.554820
235 390 0.544215
236 367 1.263778
236 472 5.769180
236 380 4.751708
236 294 1.694559
236 468 8.028999
236 270 6.129361
236 288 4.372503
236 334 1.172540
236 417 1.022318
236 377 8.853298
236 252 5.827264
236 415 6.479969
236 236 2.039567
236 319 5.725401
236 335 6.863583
236 345 0.571081
236 420 0.298287
236 246 0.618707
236 490 0.373731
236 488 0.692187
236 368 5.802885
236 433 5.510053
236 322 0.493514
237 325 1.613258
237 331 1.557216
237 483 6.037161
237 237 1.852574
237 349 6.992845
237 342 2.619697
237 241 0.398399
237 243 4.122725
238 257 4.552783
238 396 1.400835
238 418 8.762307
238 291 2.258578
238 346 1.178178
238 253 8.080776
239 476 5.126602
239 365 2.196822
239 261 2.264017
239 320 1.004246
239 437 5.195755
239 313 9.026122
239 328 6.944378
239 293 5.906040
239 355 6.284873
239 262 2.776560
239 239 6.169921
239 279 5.327170
239 362 0.622090
239 450 0.713944
239 255 0.293217
239 348 1.240932
239 479 4.707216
240 405 4.306115
240 250 2.958818
240 240 1.529297
240 380 2.249027
240 349 0.699714
240 264 0.663496
240 334 5.514451
240 353 1.396412
240 366 2.930058
240 433 1.177412
240 477 0.712735
240 387 0.452716
240 475 0.435539
240 318 0.233143
240 460 0.710159
241 360 9.519472
241 362 1.817997
241 383 1.767804
241 426 1.008344
241 490 9.003690
241 338 0.285334
241 290 0.544591
242 252 0.648559
242 433 0.226159
242 382 0.288120
242 309 5.544560
242 273 0.205504
242 474 3.299503
242 332 5.414841
242 454 8.336069
242 465 2.626667
243 409 0.474550
243 383 0.327863
243 491 3.480313
243 463 0.611329
243 281 9.105391
243 292 4.211883
243 448 2.605293
243 464 5.942874
244 426 0.692325
244 327 8.623755
244 317 0.159543
244 348 0.797088
245 444 5.358765
245 368 5.579112
245 351 0.385326
245 441 0.404358
245 411 0.244186
245 301 2.832576
245 314 2.449708
245 335 8.757915
245 366 1.793954
245 369 5.897079
245 375 8.449402
245 355 0.798432
246 375 0.714240
246 484 1.699962
246 332 6.368410
246 341 0.575930
246 262 0.396886
246 304 4.769112
246 430 2.052046
246 464 5.780761
247 366 0.745982
247 273 2.533440
247 384 0.410104
247 345 1.845873
247 347 2.891214
247 389 1.527962
247 408 1.165023
248 250 0.556666
248 324 1.336794
248 356 5.583843
248 458 9.378591
248 474 1.136640
248 315 0.546643
248 452 0.292647
249 405 0.363626
249 383 6.301122
249 426 2.880532
249 480 4.195071
249 319 0.326521
249 368 0.623964
249 394 0.464360
250 353 2.560197
250 472 2.280486
250 377 1.685781
250 438 1.566052
250 491 0.162702
250 343 0.320366
250 270 1.027544
250 276 2.434305
250 334 2.966376
250 361 8.110876
250 366 1.663644
250 404 2.729443
250 427 6.063690
250 433 1.237618
250 348 0.436376
250 326 0.495693
251 315 0.604889
251 394 0.675356
251 263 2.433332
251 304 1.134809
251 376 9.847667
251 401 2.055901
252 381 9.106026
252 415 6.894561
252 334 4.369516
252 305 9.192706
252 433 9.682937
252 472 1.150265
252 399 0.406430
252 364 0.412950
252 288 2.683570
252 294 6.680484
252 404 6.435701
252 397 0.643954
253 342 0.548619
253 257 2.180532
253 414 2.101031
253 253 1.656921
253 296 4.636399
253 343 6.324298
253 336 0.215186
253 387 0.587409
253 356 3.299005
253 373 0.647951
254 341 0.447254
254 350 0.507856
254 443 0.150736
254 281 1.479532
254 304 9.737081
254 464 6.796600
255 289 0.217457
255 356 0.601399
255 360 2.349626
255 379 1.281374
255 382 6.328870
255 426 6.185913
255 383 1.072754
255 443 6.011303
255 480 1.341485
255 388 5.383505
255 411 1.980354
255 491 1.487286
255 490 1.850038
255 277 0.337094
255 315 0.402628
255 488 0.167804
255 292 0.783567
255 314 0.187911
256 369 0.495606
256 324 0.171964
256 396 0.747491
256 309 1.148320
256 376 4.180892
256 456 9.921250
257 334 0.443415
257 427 0.326559
257 343 8.119354
257 257 2.561705
257 296 2.646391
257 396 6.422006
257 346 2.328182
257 420 4.139038
257 303 4.920010
257 414 1.218283
257 453 2.538929
257 447 5.162303
257 279 0.650282
257 335 0.134404
257 350 0.163957
257 331 0.571766
257 484 0.353528
257 291 6.277702
257 465 0.472448
258 389 0.631562
258 428 9.136401
258 323 2.840444
258 385 5.636754
258 352 2.482819
258 476 0.353482
258 498 0.164278
258 281 2.327097
258 422 4.349046
258 448 1.203814
258 464 9.937841
258 465 6.183067
259 446 0.153169
259 268 0.636468
259 328 1.405159
259 337 1.752162
259 341 4.950467
259 409 2.384401
259 441 6.625294
259 349 0.293614
259 304 0.288302
260 275 4.803894
260 308 2.414682
260 339 1.309638
260 497 4.423989
260 357 1.181873
260 421 2.720146
260 310 4.962769
260 463 0.528994
260 395 0.661933
260 382 0.757638
260 452 0.513673
260 446 5.610802
260 373 1.624031
260 329 0.717165
260 425 0.102945
261 335 0.667527
261 479 1.198345
261 419 2.971807
261 349 0.712460
261 348 1.571181
261 464 0.115149
262 275 0.395519
262 270 0.682024
262 315 5.372480
262 389 9.087995
262 441 2.271799
262 479 2.303044
262 429 0.585737
263 282 1.253409
263 376 1.709816
263 354 2.199879
263 484 1.146158
263 323 1.385264
263 481 2.896191
263 454 9.629361
263 416 2.470632
263 299 2.314475
263 284 6.143582
263 336 2.581353
263 278 0.212322
263 348 0.332471
263 422 6.293805
264 433 0.245743
264 412 2.770971
264 478 1.993863
264 283 1.311630
264 498 8.940331
264 327 5.167154
264 321 0.347190
264 387 0.214458
264 389 0.142228
264 274 1.211314
264 372 2.346970
264 457 2.050466
264 488 2.478068
265 313 0.386670
265 350 0.537181
265 293 0.375172
265 491 0.503138
265 378 0.472372
265 281 5.664458
265 332 2.150396
265 354 4.122144
266 362 0.417288
266 443 0.214488
266 317 0.233557
266 272 0.560833
266 332 2.452231
266 402 0.480559
266 301 0.702365
266 278 0.104612
266 323 2.403084
266 354 1.393204
266 401 5.098240
266 456 9.156921
267 370 0.366330
267 328 0.727420
267 378 1.621396
267 442 2.039711
267 295 6.019546
267 432 0.327735
267 326 9.369605
267 351 1.924528
267 390 4.872715
267 397 1.152645
268 375 0.150572
268 425 1.746227
268 318 5.648342
268 322 1.386819
268 378 1.185198
268 287 1.980400
268 326 1.374168
268 351 1.424384
268 394 2.977277
268 283 0.285991
268 485 0.719931
268 332 0.326385
268 448 0.766697
269 471 6.790659
269 428 1.104263
269 348 0.745268
269 376 1.089228
269 422 5.508036
270 366 1.269354
270 370 1.202440
270 415 1.142413
270 377 6.177970
270 367 6.243006
270 305 5.674206
270 276 1.589933
270 473 1.483038
270 438 8.588379
270 417 6.573789
270 444 2.995530
270 319 5.746497
270 466 1.180069
270 455 0.507558
270 306 0.527167
270 351 0.230990
270 290 2.064517
270 334 1.669750
270 405 2.204510
270 433 2.186110
270 326 0.385063
270 456 0.723365
271 441 0.682962
271 463 1.697063
271 388 5.193673
271 496 5.806691
271 379 1.044108
271 383 6.316438
271 353 0.635802
271 414 0.643759
271 360 4.404116
271 382 6.355384
271 426 5.584965
272 427 0.420382
272 406 4.570846
272 327 5.122908
272 274 8.431941
272 488 6.057997
272 492 1.882607
272 365 0.714487
272 284 0.173438
272 452 0.141303
272 372 1.829202
272 402 2.242651
272 332 0.200517
272 376 0.147586
273 285 0.551728
273 380 0.176861
273 293 1.256021
273 313 9.250053
273 389 1.328445
273 410 9.519047
273 322 0.718815
273 274 4.870862
274 348 0.640054
274 495 0.102723
274 485 1.204279
274 395 1.959103
274 412 2.165385
274 470 2.374807
274 460 1.040264
274 327 5.847782
274 302 6.793369
274 478 2.923826
274 498 1.328011
274 311 4.536043
274 403 2.300375
274 372 2.112810
274 488 2.005449
274 461 0.361865
274 377 0.637249
274 358 0.616245
274 486 0.113320
274 438 0.722393
274 286 0.431390
275 380 0.237387
275 275 2.050144
275 339 2.801275
275 446 2.179498
275 467 0.208187
275 373 5.594744
275 283 0.150367
275 327 0.784145
276 330 1.496256
276 312 1.705185
276 369 6.791256
276 361 1.219929
276 380 2.232020
276 405 1.370658
276 466 4.191230
276 468 4.417182
276 373 0.714163
276 281 0.673705
276 323 0.384337
277 410 0.681403
277 379 0.134769
277 434 0.526460
277 304 2.111507
277 321 1.493580
277 440 0.296827
277 480 0.533780
277 281 8.725611
277 323 6.299379
277 401 1.586590
277 464 1.411563
278 362 0.157324
278 383 0.528485
278 390 5.657122
278 398 1.596602
278 413 1.314430
278 433 0.609314
278 295 8.890521
278 326 1.188052
278 351 4.269383
278 425 9.723920
279 463 0.430994
279 290 0.176926
279 328 2.957690
279 347 6.404346
279 419 8.938871
279 426 0.264956
279 304 0.594342
280 431 1.263140
280 289 2.790011
280 439 0.332194
280 410 2.820174
280 441 6.933246
280 476 8.130640
280 495 0.563407
280 318 0.449096
281 332 6.206789
281 338 2.013699
281 354 1.294846
281 432 6.611238
281 424 9.457541
281 452 6.973712
281 347 0.481387
281 447 0.640554
281 337 0.459392
281 397 0.402608
282 335 0.658237
282 404 0.639155
282 479 0.153423
282 351 0.570976
282 448 1.421077
282 464 8.749623
283 380 0.236414
283 460 1.069989
283 395 1.127802
283 492 5.277595
284 291 0.654290
284 464 2.257035
285 334 1.308889
285 369 5.760342
285 380 2.740559
285 298 4.392454
285 301 6.414531
285 305 1.005601
285 405 2.174422
285 433 9.890263
285 466 2.831412
285 407 0.798650
285 426 0.523765
285 402 0.253071
286 475 2.815274
286 495 2.318007
286 306 0.223468
286 379 5.787415
286 426 1.928355
286 491 6.567208
286 416 0.162468
286 422 0.180860
287 427 0.630110
287 391 1.202591
287 394 5.513192
287 399 2.887958
287 378 9.127316
287 386 2.776091
287 398 2.093867
287 435 1.065778
287 413 4.241248
287 397 9.140113
287 442 2.739739
287 370 0.496614
287 465 0.315888
287 318 2.745928
287 459 4.626328
288 468 8.748316
288 417 9.540160
288 314 6.487858
288 368 2.357067
288 438 4.141215
288 298 6.297380
288 361 2.712338
288 374 2.250072
288 375 6.397317
288 473 1.132702
288 367 5.169289
288 334 1.160569
288 415 2.289011
288 381 8.310592
288 382 0.159218
288 452 0.707220
288 428 0.782501
288 467 0.207968
288 494 0.172976
288 294 1.889855
288 330 1.044058
288 405 1.605682
288 433 6.895415
288 479 0.565451
289 493 8.110582
289 293 1.283457
289 347 6.507832
289 348 1.996630
289 409 1.908689
289 410 5.059087
289 343 0.383650
289 346 0.157472
290 305 5.683542
290 334 8.893792
290 473 2.707260
290 298 6.818970
290 355 0.528883
290 409 0.343593
290 297 1.735371
290 367 1.261224
290 292 0.728450
291 405 0.583349
291 461 0.131501
291 396 9.931125
291 414 8.522823
291 343 5.580720
291 296 6.356433
291 332 0.374383
291 470 0.242783
291 358 0.289432
291 354 0.277539
292 301 0.423024
292 314 0.607599
292 334 0.196121
292 347 0.774241
292 409 0.520325
292 481 1.789980
292 338 5.649828
292 430 1.048164
292 376 2.821536
292 496 0.616696
292 386 0.527345
292 488 0.375921
292 304 2.568440
292 332 4.663812
293 408 2.629529
293 476 4.258790
293 437 1.288487
293 456 0.346427
293 361 0.615770
293 341 2.747428
293 348 1.430516
293 409 1.551152
294 374 4.401152
294 445 4.210385
294 417 1.725433
294 314 8.745382
294 472 1.689304
294 381 2.601032
294 319 2.408279
294 368 1.796688
294 380 1.696341
294 404 2.524130
294 405 6.394157
294 433 1.470517
294 451 5.785464
294 479 0.121694
294 362 0.748248
295 361 0.113116
295 421 0.429095
295 449 1.845498
295 326 2.872269
295 351 2.879274
295 390 9.308855
295 429 0.270732
296 396 8.140659
296 420 2.204935
296 346 9.252826
297 405 8.989594
297 314 9.875778
297 312 6.511354
297 444 2.311114
297 353 6.673690
297 363 0.518143
297 361 1.002964
297 366 5.862915
297 329 4.882942
298 319 2.070666
298 438 4.732137
298 405 2.959424
298 366 2.605216
298 377 9.355539
298 445 2.140658
298 421 0.530846
298 437 0.329919
298 335 2.771862
298 367 5.859665
298 404 5.165957
299 368 0.287784
299 359 2.991356
299 385 6.978756
299 352 2.057980
299 395 0.109866
299 349 0.379231
299 464 5.581090
300 369 0.592574
300 483 0.416817
300 470 0.560513
300 488 0.321058
300 323 2.450898
300 332 9.274769
300 464 8.813381
301 468 8.066940
301 377 9.120129
301 301 2.094225
301 381 4.775068
301 338 0.171889
301 436 0.233876
301 368 8.956274
301 404 8.414807
301 466 2.810483
301 462 0.116246
301 464 0.508931
302 313 0.677622
302 377 0.547925
302 460 2.013990
302 488 5.473363
302 456 0.491212
303 486 0.581849
303 413 0.682098
303 396 1.818544
303 414 9.560978
303 382 0.324441
303 353 0.661975
304 444 0.253509
304 391 0.775225
304 423 2.952972
304 416 4.082651
304 354 2.324185
304 456 2.671510
304 481 2.164268
304 432 4.257359
304 471 4.741271
304 401 2.969276
304 465 5.460699
304 333 2.339640
304 429 5.617195
304 484 2.784987
304 422 2.565629
304 336 2.360999
304 358 5.548845
304 424 4.253635
304 320 0.597508
304 492 0.616596
304 414 0.382336
304 467 0.156373
304 355 0.263905
304 335 0.578755
304 376 9.598915
304 448 2.959226
305 466 1.182037
305 368 4.659853
305 374 2.832226
305 334 1.134688
305 384 0.686104
305 366 1.539993
305 367 2.977761
305 369 2.302265
305 427 8.444232
305 451 2.225368
305 364 0.494087
305 492 0.464043
306 330 0.369388
306 334 0.340883
306 405 3.675134
306 360 0.224219
306 443 0.688138
306 490 4.485580
306 332 2.544130
307 417 0.455078
307 458 1.548032
307 307 9.278451
307 398 0.404675
307 405 0.526034
307 394 0.452410
307 316 4.825649
307 474 1.446158
308 361 0.698617
308 421 6.821899
308 357 1.776592
308 310 2.506243
308 308 2.735874
308 339 1.828829
308 479 0.364852
308 470 0.520110
308 446 5.250859
308 373 1.889104
308 343 4.997729
308 402 0.435660
309 342 0.440227
309 387 0.240941
309 472 0.493914
309 458 0.791493
309 459 2.474278
310 421 8.420167
310 310 5.994656
310 449 0.304511
310 446 8.220248
310 339 1.343371
310 373 2.167132
311 404 0.113788
311 458 0.610578
311 485 1.773453
311 395 4.243293
311 391 0.420638
311 327 4.114364
311 460 2.062949
311 470 4.018669
312 433 9.568929
312 444 1.201681
312 380 1.336731
312 427 2.098284
312 451 6.485326
312 341 0.684266
312 493 0.559317
312 423 0.434464
313 389 1.107276
313 345 2.355910
313 493 2.945864
313 408 2.465060
313 349 0.269993
313 460 0.511383
313 315 4.314616
313 348 4.897967
313 363 5.224001
313 409 6.542941
313 410 2.255611
313 441 6.350649
313 479 2.060924
313 331 0.345334
313 420 0.155909
314 369 2.058899
314 417 1.117922
314 405 1.212080
314 319 1.135915
314 466 2.703205
314 375 6.286295
314 367 5.854717
314 380 2.807309
314 468 5.364107
314 402 0.645356
314 465 0.782304
315 365 1.215141
315 479 9.463704
315 487 1.124694
315 348 1.411642
315 410 1.938652
315 347 5.061203
315 491 0.673488
315 418 0.651882
315 350 4.959246
315 390 0.357340
315 413 0.659710
316 334 0.465820
316 497 0.107421
316 408 0.717201
316 356 1.152365
316 440 1.102150
316 458 4.759631
316 329 1.675773
316 489 0.521194
316 444 0.642058
316 412 0.149244
317 334 0.609253
317 378 2.385004
317 322 1.991815
317 390 1.341487
317 326 2.018481
317 351 6.597681
317 391 4.608782
317 394 6.475386
317 397 2.890179
317 354 0.349712
318 322 4.622012
318 482 0.282042
318 326 4.046676
318 351 6.248349
318 390 2.047469
318 394 1.781540
318 397 1.201284
318 425 5.853620
319 330 4.962463
319 442 0.668759
319 334 2.377305
319 367 5.539148
319 427 1.114927
319 424 0.469661
320 406 0.669560
320 341 2.079259
320 348 5.985151
320 441 9.240037
320 332 0.235145
321 434 3.077442
321 323 1.560442
321 401 1.480907
321 430 2.511652
321 464 5.156027
322 326 8.796503
322 378 4.511708
322 322 1.334031
322 449 2.294132
322 327 0.659743
323 354 2.137751
323 393 0.120647
323 497 0.734073
323 422 8.037675
323 424 2.081862
324 367 0.470882
324 467 2.160826
324 474 9.696254
324 324 2.123709
324 356 1.849892
324 488 0.551717
324 445 0.359742
324 329 4.051168
324 458 9.638918
324 490 0.186787
325 331 9.428567
325 342 5.181217
325 351 0.307177
325 392 0.600773
326 348 0.419744
326 379 0.271412
326 397 2.558135
326 391 4.955452
326 378 5.635169
326 399 8.216177
326 435 5.544001
326 425 8.454380
326 409 0.397133
326 346 0.765878
326 351 1.465702
326 390 2.564248
327 347 0.577279
327 488 9.890566
327 498 9.978211
327 450 4.693659
327 412 9.121296
327 401 0.691279
327 331 0.128439
327 383 0.568433
327 402 2.522586
327 460 1.572629
327 470 1.762868
327 481 0.700169
328 366 0.207686
328 363 4.502854
328 461 8.696240
328 400 5.389608
328 407 2.892946
328 431 1.213857
328 437 2.144180
328 408 9.294121
328 387 0.371413
328 329 0.631843
328 348 1.199246
328 479 2.400952
329 369 0.498028
329 356 5.346466
329 467 4.321213
329 474 9.505690
329 329 5.115391
329 359 0.675715
329 451 0.447625
329 460 0.592405
329 424 0.407142
329 332 0.375777
330 381 2.003677
330 404 6.292342
330 369 6.722439
330 405 1.086524
330 461 0.400683
330 361 1.469761
330 366 2.618839
330 367 8.632668
330 368 1.156730
330 409 0.375806
331 342 2.081677
331 483 4.199578
331 477 6.316033
331 349 4.312130
331 360 0.786749
331 490 0.101378
331 399 0.700239
332 409 0.616635
332 432 2.043779
332 422 9.882909
332 471 2.114563
332 424 2.745061
332 332 1.754305
332 352 2.827673
332 354 2.529113
332 423 8.644143
332 376 2.952785
332 333 2.051217
332 465 4.741291
332 338 4.792874
332 489 2.994971
332 404 0.257718
332 348 0.305930
332 349 0.630258
332 405 0.782267
332 464 1.197688
333 474 0.608964
333 356 0.213186
333 416 2.749997
333 464 6.146777
334 353 5.441366
334 370 6.544272
334 472 5.122360
334 380 1.008880
334 381 1.447700
334 468 1.047913
334 444 1.829305
334 433 1.571830
334 366 8.190855
334 377 9.613810
334 405 9.157565
334 404 9.185698
334 427 6.351345
334 451 2.723186
334 425 0.160022
335 361 1.875331
335 445 4.008784
335 374 1.665337
335 377 6.431445
335 442 0.104028
335 435 0.758472
335 467 0.753380
335 433 4.518070
335 466 1.794473
336 393 0.179834
336 339 0.527275
336 464 9.551596
337 348 1.283792
337 426 0.178256
338 351 0.735773
338 372 0.796520
338 395 0.786636
338 422 8.907301
338 430 5.447348
339 433 0.322421
339 421 1.901261
339 446 6.234499
339 411 0.224247
339 492 0.169876
339 439 0.405935
340 426 0.271270
340 458 0.135169
340 444 0.189940
340 376 1.202724
340 401 5.131591
340 459 6.377840
340 464 6.928472
341 499 5.365066
341 341 1.200449
341 344 1.187752
341 364 9.238329
341 419 5.287807
341 402 0.153593
341 394 0.347468
341 348 1.728176
341 420 0.720361
342 349 4.873936
342 418 0.541566
342 362 0.650954
342 361 0.508869
342 390 0.128038
342 460 0.298178
342 464 0.502669
343 431 0.697185
343 491 0.798059
343 346 6.046234
344 407 4.524982
344 484 0.716180
344 347 1.936336
344 410 1.156299
344 479 6.859980
344 358 0.356336
345 461 2.088152
345 437 9.875744
345 409 2.563106
345 494 0.593421
345 400 4.859873
345 441 1.873867
345 479 8.328003
346 414 2.286703
346 420 6.992745
346 453 1.081678
346 447 2.137590
346 346 6.143748
346 353 0.195285
346 458 4.481333
346 443 0.735994
347 427 0.117857
347 408 4.854383
347 393 1.118952
347 407 1.715338
347 348 4.565086
347 365 2.537007
347 472 0.541161
347 460 0.623065
347 352 0.117001
347 410 6.881478
347 441 2.057702
347 479 2.009917
347 412 0.169892
348 476 2.780146
348 493 4.729167
348 437 1.377279
348 499 1.050663
348 364 5.970526
348 405 0.458659
348 483 0.579607
348 378 0.366636
348 410 8.601227
348 376 0.472050
350 361 0.141385
350 408 4.185353
350 431 4.393490
350 419 2.633450
350 433 0.778307
350 389 2.679255
350 441 1.117484
350 476 5.148299
350 376 0.319440
351 435 8.067135
351 394 6.519321
351 390 1.662990
351 378 5.980588
351 449 2.807755
351 397 1.625945
351 413 2.256167
351 399 5.523634
351 425 9.716983
351 391 4.819447
351 386 1.513671
351 442 1.909444
351 398 6.189240
351 365 4.724634
351 374 0.231835
351 369 0.594739
351 468 0.564109
351 354 0.481630
351 401 0.173833
352 462 0.288646
352 386 0.291057
352 376 6.276498
352 464 1.102208
353 447 0.408222
353 405 1.330915
353 433 2.763837
353 466 8.675140
354 475 0.375752
354 481 2.577913
354 371 9.392034
354 376 9.454117
355 366 0.195951
355 355 5.089953
355 479 1.484175
355 462 0.172887
356 440 9.441254
356 484 0.329804
356 368 0.644651
356 456 0.203556
357 421 2.877837
357 446 6.211245
357 433 0.350215
357 397 0.557098
358 440 0.532693
358 382 0.253865
359 460 0.181734
359 464 8.798676
360 439 1.727010
360 496 1.311430
360 362 2.121327
360 426 1.287307
360 490 9.502131
360 491 8.657108
361 445 2.634024
361 361 1.018972
361 433 4.070229
361 486 2.440770
361 425 0.657407
361 464 0.688783
362 491 2.730456
362 495 6.436672
362 443 9.607527
362 362 8.753683
362 490 8.822095
362 469 4.619078
362 426 1.482793
362 439 8.008600
362 478 0.362201
362 496 8.676381
363 378 3.972161
363 410 2.618266
363 449 0.210385
363 416 0.622100
364 410 8.949408
364 493 2.335201
365 367 0.181735
365 389 9.517670
365 392 0.675068
365 498 0.705964
365 411 0.506615
366 427 1.465262
366 444 2.754507
366 472 4.354572
366 366 4.239797
366 404 1.251333
366 486 1.365921
366 445 2.031659
366 377 6.617026
366 405 2.728602
366 451 1.340175
366 380 2.894168
366 370 9.963839
366 381 4.336653
366 473 5.734123
366 415 1.654987
366 367 2.683372
366 467 0.193900
366 407 0.312003
366 421 4.547336
367 438 5.585740
367 466 2.773817
367 367 4.505089
367 427 2.803768
367 433 2.126601
367 486 4.036501
367 374 2.737537
367 483 0.402540
368 445 2.685749
368 427 6.817787
368 377 1.478066
368 435 0.269033
368 369 6.604227
368 408 0.350939
368 485 0.540009
369 370 8.695854
369 473 2.734853
369 486 8.941551
369 381 2.035453
369 451 6.931279
369 436 0.124315
369 380 9.046018
369 466 4.536611
369 384 0.228929
370 380 2.062254
370 408 0.344881
370 441 0.753074
371 398 0.690528
372 451 0.545190
372 470 6.392092
372 460 1.452418
372 448 0.629151
373 446 2.457616
373 497 1.731139
373 421 5.640894
373 373 1.203090
373 376 0.499765
373 467 0.219732
373 460 0.378458
373 492 0.308935
374 443 0.111695
374 451 5.883542
374 477 0.510066
375 466 2.233757
375 377 4.913199
375 459 0.716791
375 464 0.535287
376 489 2.556847
376 385 6.140744
376 422 1.090299
376 428 1.410380
376 454 6.626845
376 484 9.476756
376 376 8.999908
376 468 0.235325
376 389 0.200848
376 401 2.124413
377 451 1.396766
378 487 0.158572
378 386 2.586666
378 391 4.176996
379 380 0.772745
379 469 2.836815
379 383 2.293327
379 480 9.757794
379 426 2.627735
379 490 2.133932
379 487 0.693825
379 434 4.621245
379 491 2.074164
379 464 0.677906
380 468 2.858944
380 438 8.379517
380 381 8.699414
380 472 8.459406
380 492 0.784758
380 446 0.215742
380 496 0.200519
380 433 6.714716
380 466 9.881489
380 499 0.713209
381 466 2.124085
381 479 0.305583
382 426 1.342160
382 469 4.752898
382 436 5.500490
382 411 2.318198
382 440 0.776956
382 408 0.246115
382 385 0.224143
382 453 0.176061
383 482 5.834958
383 469 6.695427
383 411 5.699386
383 480 4.533624
383 426 4.075957
383 443 2.643973
383 490 2.098549
383 491 2.465152
384 430 2.933439
384 464 2.729905
385 418 0.346586
385 401 9.285041
385 484 2.966007
386 415 0.692425
386 458 0.311263
386 398 1.973036
386 399 2.474700
386 397 6.969972
386 425 2.881750
387 491 2.229007
387 475 2.897535
387 426 5.068711
387 457 0.594156
388 482 9.082374
388 475 1.754566
388 437 0.512071
388 426 1.075033
388 491 4.848656
388 495 2.848142
389 431 5.022492
389 484 0.259682
389 491 0.296538
390 487 0.523874
390 493 0.500976
390 390 2.698490
390 435 1.419429
390 425 6.307755
390 442 4.156045
390 415 0.428512
390 460 0.140231
390 394 1.729134
391 476 0.664375
391 397 1.832669
391 435 5.131050
391 391 8.162628
391 449 2.880574
391 412 0.288576
391 459 0.358509
391 394 5.177819
392 396 0.462213
392 460 5.322910
393 499 5.709773
393 414 0.164643
394 442 4.815487
394 399 9.695597
394 425 6.283144
394 397 5.988701
394 435 1.395469
394 480 0.116063
394 450 0.542531
394 454 0.540522
395 406 6.641166
395 457 6.440439
395 460 2.915697
395 492 9.753181
396 418 8.143396
396 414 6.366697
396 427 0.407493
396 420 1.340991
397 399 4.543382
397 398 2.475498
397 459 0.612078
397 478 0.457817
397 496 0.454131
397 406 0.464352
399 425 6.558179
399 449 1.439598
400 446 0.375169
400 408 9.164305
400 479 5.371877
400 401 0.153755
401 449 0.232534
401 456 2.083037
401 416 9.406444
401 440 0.267918
401 430 2.476085
402 433 0.523793
402 406 1.342701
402 438 0.515074
402 460 2.753165
403 444 0.489333
403 412 6.512836
403 460 2.206050
404 433 4.796968
404 486 8.853547
404 438 5.615517
404 466 2.944796
404 426 0.741819
404 490 0.569713
405 486 1.178185
405 451 1.437422
405 444 6.477593
405 427 2.292159
405 445 4.863317
405 440 0.515129
405 463 0.433829
405 453 0.386887
405 466 8.584116
405 476 0.728077
405 460 0.539526
406 485 9.651867
406 492 2.451892
406 430 0.553200
407 479 2.502083
407 407 1.670016
407 499 6.560291
408 410 2.656847
408 477 0.622459
408 448 0.214877
409 446 0.260001
409 431 6.408541
409 499 1.819339
409 409 1.450208
409 421 0.139842
409 466 0.667832
409 479 9.376274
410 487 5.227402
410 450 0.687029
410 436 0.123497
410 479 6.041562
410 491 4.535787
410 454 0.318362
410 481 0.289266
411 426 6.669573
412 488 2.556175
413 428 0.122411
413 425 8.322666
414 490 0.677067
414 414 1.018003
414 499 0.224029
415 427 2.406043
415 438 2.081244
415 466 2.887586
415 488 0.419834
415 471 0.615419
417 433 2.991979
417 425 0.239672
418 476 0.481703
418 470 0.541497
418 447 1.975007
419 499 2.729769
419 482 0.718135
419 440 0.709032
420 420 4.891691
421 446 1.145983
421 421 1.111794
421 497 9.282813
421 457 0.680044
421 450 0.389577
421 444 0.289283
421 492 0.649438
422 429 4.116335
422 486 0.632055
422 435 0.612800
422 456 4.106294
422 471 2.900097
423 448 5.930095
423 454 4.798803
424 494 4.023707
424 454 1.207594
425 490 0.163691
425 449 8.357587
425 425 1.400543
425 442 6.454102
425 435 2.340967
425 487 0.523198
426 466 0.445973
426 475 4.506013
426 469 2.067087
426 436 9.657764
426 463 2.504084
426 426 2.652922
426 439 1.397683
426 443 2.648977
426 497 0.660160
426 491 1.257290
427 468 6.124555
427 472 8.609927
427 451 4.991252
427 473 6.948329
427 433 8.401554
427 458 0.346763
429 462 0.721242
429 452 2.618856
429 457 0.761117
429 454 8.319252
429 484 5.094823
430 464 5.918176
431 479 1.845988
433 466 9.250056
433 473 6.718637
433 445 4.921194
433 468 4.029352
433 472 5.276989
433 436 0.535933
433 489 0.512052
433 448 0.193026
434 463 9.447541
434 436 4.684559
436 499 0.409981
436 440 0.537705
436 462 2.577683
436 491 8.213798
437 452 0.578058
438 466 1.706871
439 462 5.771824
439 491 9.640990
440 474 2.360570
441 449 0.766224
441 460 0.220558
442 449 1.785658
442 485 0.400059
443 475 2.975189
443 491 2.720734
443 460 0.670067
444 479 0.143679
445 451 5.908803
446 446 2.507543
446 497 2.788947
448 481 1.692614
448 486 0.303181
449 484 0.412299
450 492 5.025502
451 498 0.606034
452 470 0.603879
454 490 0.290128
454 459 2.809023
454 486 0.513016
455 485 5.267916
455 492 2.588915
456 496 0.469158
456 485 0.291567
457 485 4.517911
457 464 0.631947
458 467 1.579621
458 458 1.132730
460 498 4.889953
460 485 5.289304
460 460 4.784050
460 491 0.336011
460 466 0.280198
461 485 0.503914
462 480 9.420095
462 496 6.310942
463 475 1.638472
464 480 0.278587
464 498 0.127060
464 494 1.664679
465 465 2.329593
466 485 0.323982
468 472 1.947453
469 490 4.799243
469 498 4.259180
470 492 4.040698
475 490 8.479243
475 491 1.613235
476 493 1.055139
477 493 0.570549
478 485 2.990670
479 493 2.486223
482 486 0.708748
482 490 2.236178
483 483 1.219402
484 490 0.345261
485 498 5.507203
486 487 0.656715
487 499 2.117739
488 492 2.425110
490 491 2.153875
491 492 0.119101
495 495 2.384589
497 497 8.446348
498 498 2.162739
499 499 6.054175
