0 2 0.834574
0 107 1.024981
0 184 0.962900
0 223 0.101681
0 35 0.431957
0 201 15.982555
0 492 13.164269
0 203 17.603062
0 43 17.408088
0 446 12.452174
0 224 17.653373
0 405 16.149070
0 0 12.907804
0 402 16.232982
0 416 14.762076
0 169 13.733590
0 19 15.113641
0 457 17.164957
0 422 15.513911
0 53 17.672370
0 294 16.494055
0 478 12.001739
0 210 15.648652
0 253 16.543206
0 268 16.168225
0 67 12.946214
0 427 0.161414
0 336 0.209353
0 467 0.350898
0 399 0.056978
0 285 0.176265
0 394 0.051403
0 234 0.958667
0 198 0.113209
0 164 0.111903
0 328 0.344807
0 188 0.237149
0 101 0.468608
0 21 0.470911
0 18 0.844635
0 231 0.631542
0 460 14.615241
0 205 14.213638
0 488 15.022701
0 424 0.224422
1 366 0.264245
1 60 16.060743
1 349 13.130995
1 142 15.183687
1 305 15.813565
1 267 16.725490
1 233 17.239547
1 76 13.128664
1 13 15.181170
1 454 15.699922
1 335 16.727273
1 81 17.070974
1 73 13.923071
1 41 14.948381
1 255 13.576280
1 147 14.371952
1 346 13.101832
1 72 14.257996
1 49 0.537004
1 386 3.604640
1 20 0.117835
1 69 0.093133
1 450 0.317671
1 195 0.341578
1 242 0.434270
1 244 1.149865
1 87 0.007535
1 5 14.627935
1 390 14.447743
1 15 15.610074
1 68 13.533743
1 101 0.499849
1 402 8.797262
1 110 0.901709
1 219 0.423058
2 77 0.253233
2 2 1.252298
2 246 0.563025
2 95 13.924757
2 32 1.850054
2 228 72.881220
2 40 1.711109
2 377 30.696626
2 386 0.280480
2 233 0.278446
2 128 0.472884
2 208 0.359879
2 151 4.670799
2 344 4.120902
2 350 2.163124
2 207 0.043799
2 67 0.213257
2 139 0.206931
2 307 0.090843
3 304 0.115225
3 217 17.035759
3 389 4.563220
3 365 7.947305
3 124 1.123391
3 278 0.739661
3 54 0.771615
3 133 2.143991
3 475 2.741385
3 289 5.365693
3 382 17.078980
3 412 4.995611
3 399 0.278476
3 354 0.325372
3 378 0.100409
3 485 0.177961
3 221 1.889202
3 455 0.460924
3 205 2.962145
3 7 1.378808
3 49 15.971262
3 178 5.712018
3 362 16.412411
3 479 12.172812
3 328 0.455669
3 383 0.063016
3 224 0.103197
3 253 0.460626
3 424 0.188724
4 236 0.360520
4 368 0.249734
4 257 15.432607
4 324 6.252637
4 144 13.337099
4 270 15.212570
4 42 4.578493
4 311 5.189948
4 343 3.428562
4 447 1.272279
4 259 0.393209
4 470 0.205792
4 124 0.158785
4 464 0.314072
4 475 0.410645
4 448 0.324777
4 397 15.854264
4 149 12.529362
4 59 2.084261
4 332 16.226413
4 348 13.727355
4 351 14.524809
4 161 0.426215
4 191 0.364839
5 124 0.082314
5 495 0.258014
5 496 0.220375
5 221 11.749781
5 79 6.949920
5 352 0.186434
5 418 0.377679
5 185 0.316950
5 476 0.258069
5 15 0.510415
5 41 14.874450
5 454 7.536427
5 72 3.267523
5 73 15.115254
5 76 6.000000
5 81 16.010323
5 252 1.296527
5 292 0.385099
5 8 0.210109
6 427 1.144786
6 79 0.064687
6 240 16.254266
6 323 17.407449
6 413 17.556357
6 469 12.225908
6 360 163.930030
6 190 13.564336
6 134 13.488899
6 292 17.230677
6 182 17.161854
6 436 17.902406
6 177 17.599555
6 187 14.759985
6 245 15.783684
6 465 17.434324
6 126 16.844441
6 18 14.340116
6 176 13.481771
6 222 16.331656
6 115 13.309595
6 405 0.169723
6 394 1.067709
6 141 0.553048
6 364 0.008191
6 73 0.535515
6 186 0.034390
6 398 0.988005
6 30 0.060657
6 242 1.337806
6 114 0.332618
6 324 0.074912
6 111 15.834402
6 118 17.010777
6 127 15.485848
6 383 14.915273
6 146 15.332087
6 426 15.370797
6 204 15.191409
6 207 13.645056
6 491 13.322497
7 475 2.583878
7 220 0.832476
7 496 1.731505
7 318 0.198422
7 10 6.102381
7 7 0.549409
7 115 0.481657
7 165 0.181924
7 77 0.079380
7 438 0.410494
7 114 0.746377
7 54 3.254701
7 104 12.930980
7 197 6.628579
7 218 2.061603
7 314 1.812505
7 389 5.024469
7 479 14.135913
7 90 0.060679
7 401 0.420397
8 312 0.217343
8 44 0.394202
8 49 0.613650
8 137 0.005842
8 289 0.206101
8 13 0.290466
8 346 1.558374
8 351 1.588889
8 263 6.162422
8 56 2.000010
8 99 0.499708
8 158 0.489281
8 472 0.354283
8 259 0.075106
8 84 0.144831
8 140 12.969838
8 287 17.215354
8 162 1.593478
8 51 17.622777
8 86 15.491767
8 266 0.306454
8 181 0.406905
8 114 0.048311
8 448 0.227578
9 334 0.629604
9 344 0.057571
9 255 0.804593
9 260 1.671536
9 263 0.187485
9 275 2.257688
9 157 14.491630
9 364 1.030213
9 138 0.345319
9 30 0.407655
9 12 0.049522
9 111 0.186481
9 140 15.553770
9 28 16.249030
9 287 13.453990
9 425 12.565785
9 264 0.053292
9 327 0.161824
10 477 1.254536
10 274 15.045191
10 419 5.374365
10 382 15.894500
10 152 3.019511
10 394 0.917407
10 420 0.072952
10 294 0.341861
10 473 0.353181
10 213 0.056371
10 368 0.281233
10 257 0.146400
10 201 0.469544
10 488 0.416611
10 250 0.236975
10 358 0.155763
11 367 0.546878
11 228 1.010845
11 117 0.481635
11 326 0.863823
11 60 0.072808
11 349 0.363645
11 176 0.125167
11 253 1.888885
11 256 2.780305
11 388 1.258926
11 181 6.665343
11 68 0.602472
11 431 0.061475
11 49 0.079748
11 304 0.544353
11 287 1.069763
11 392 0.263892
11 78 0.436626
11 169 4.150632
11 168 0.115090
12 310 0.435986
12 293 16.134017
12 475 14.879818
12 124 15.140927
12 137 14.339061
12 120 17.801028
12 163 16.702299
12 249 13.529756
12 133 12.623230
12 87 12.986723
12 12 13.670589
12 419 13.662580
12 487 17.776531
12 483 1.058576
12 432 0.908655
12 20 1.275757
12 399 0.015490
12 65 0.232421
12 276 0.440303
12 488 0.329385
12 17 16.879057
12 88 15.694351
12 314 13.594594
12 395 13.553025
12 464 14.125609
12 126 0.076553
12 127 0.726528
12 439 0.436487
12 92 0.753653
13 295 0.247634
13 415 0.385399
13 237 0.288525
13 390 12.550493
13 194 3.148916
13 335 6.831008
13 233 5.674898
13 73 14.046380
13 318 0.353570
13 456 0.398393
13 302 0.203275
13 213 0.414243
13 41 17.924610
13 68 12.540838
13 454 1.673850
13 346 17.515019
13 255 15.762164
13 22 0.295198
13 96 0.449410
13 225 15.342252
14 259 0.106917
14 427 0.324214
14 249 0.435464
14 339 0.358837
14 389 0.054868
14 464 0.277046
14 258 6.565472
14 134 0.960273
14 146 12.108860
14 231 6.612097
14 190 2.165298
14 434 0.303818
14 287 0.833394
14 74 1.283921
14 401 0.498009
14 139 0.389719
14 489 0.349971
14 163 0.057343
14 248 0.356261
14 292 13.403871
14 360 3.228144
14 118 3.915122
14 127 14.548972
14 426 15.522722
14 270 0.379376
15 361 0.299963
15 362 0.581599
15 73 13.123645
15 60 5.721786
15 142 6.098015
15 81 17.870547
15 147 1.778303
15 349 4.560574
15 305 6.233303
15 41 12.512627
15 72 7.390301
15 454 6.097839
15 172 0.909961
15 20 0.248125
15 139 0.238186
15 383 0.244471
15 388 0.339596
15 336 0.093378
15 234 0.243908
15 328 1.688308
15 255 16.892987
15 426 0.564508
15 434 0.151035
15 92 0.081614
15 376 0.173484
15 394 0.711806
16 49 15.083151
16 274 17.459539
16 261 6.989208
16 183 3.716415
16 163 0.507059
16 152 5.619539
16 155 0.219998
16 138 0.124815
16 119 0.217923
16 470 0.460702
16 61 0.653291
16 120 1.349354
16 124 2.986308
16 147 0.185521
16 162 0.069284
16 425 0.546997
16 316 0.245078
16 493 0.441052
17 80 0.029564
17 164 12.471454
17 293 12.943463
17 116 16.158200
17 363 12.422051
17 107 17.472669
17 315 13.478727
17 163 17.288946
17 39 14.167151
17 365 14.848202
17 321 17.361247
17 152 17.249760
17 479 13.205393
17 417 0.361703
17 63 0.888395
17 47 0.937297
17 89 1.182560
17 259 0.401049
17 467 2.695551
17 296 0.298060
17 54 15.010418
17 104 13.729356
17 216 14.476040
17 220 14.094317
17 237 17.187346
17 314 15.272991
17 421 17.847639
17 464 12.957798
17 499 13.777685
17 491 0.440165
17 257 0.605972
17 208 0.600958
18 404 0.219929
18 134 5.941109
18 187 1.706678
18 240 1.328946
18 439 1.262563
18 115 0.974068
18 231 5.069865
18 415 0.159316
18 330 0.202257
18 96 0.425051
18 472 0.248448
18 305 0.162781
18 119 2.166684
18 121 7.035331
18 426 14.735712
18 434 1.778063
18 182 0.828381
18 484 3.105217
18 490 14.289233
18 241 0.110698
19 317 0.363846
19 237 0.231115
19 395 0.098431
19 434 0.101110
19 35 0.408725
19 191 0.860250
19 150 0.163918
19 439 0.374935
19 54 0.333596
19 294 3.471656
19 67 17.418035
19 405 17.165847
19 203 5.736221
19 460 17.619872
19 205 17.159000
19 210 1.663539
19 488 0.236979
19 172 0.171995
20 248 0.438129
20 397 0.630700
20 149 0.282422
20 263 0.208242
20 35 0.497569
20 268 2.015073
20 272 1.274905
20 28 0.397370
20 298 3.700798
20 347 15.442397
20 405 16.947608
20 446 0.201009
20 470 1.095663
20 498 0.861498
20 109 2.300740
20 199 0.305449
21 21 0.595356
21 482 0.983301
21 476 6.907000
21 31 3.184565
21 27 0.868010
21 352 0.565881
21 143 1.947124
21 240 0.307425
21 245 0.136469
21 55 0.343314
21 57 0.384053
21 117 0.180405
21 154 18.282506
21 171 1.212967
21 242 0.893034
21 254 7.809843
21 270 0.080749
21 179 0.093088
21 275 0.341423
21 108 0.258685
21 247 0.106879
21 264 0.412789
22 206 0.602213
22 299 0.203111
22 477 0.319477
22 479 0.269285
22 185 0.370088
22 275 0.404699
22 201 2.605911
22 155 3.485895
22 268 3.730977
22 455 5.703747
22 347 13.208554
22 253 3.042261
22 153 0.362963
22 208 0.187559
22 145 0.297871
22 94 0.373463
22 364 0.368202
22 405 17.594549
22 446 0.847687
22 460 13.195662
22 84 0.246369
23 399 17.413165
23 372 14.306054
23 340 14.318270
23 444 12.056074
23 304 15.880486
23 288 17.559369
23 23 16.488521
23 312 13.793955
23 308 17.145819
23 232 13.725212
23 284 12.691634
23 370 12.275194
23 214 12.810349
23 97 14.104127
23 70 0.092098
23 261 0.644668
23 413 0.533394
23 225 0.091527
23 217 0.445497
23 241 0.098924
23 167 0.705547
23 154 0.577486
23 212 17.276080
23 285 17.378604
23 299 14.162112
23 334 15.498049
23 373 15.516978
23 347 1.412484
23 492 0.012209
23 262 0.079057
23 322 0.154992
24 261 0.129721
24 464 0.054289
24 187 0.237912
24 257 16.156853
24 397 15.712462
24 270 15.224337
24 149 12.453527
24 55 15.087167
24 435 3.790486
24 102 0.455199
24 309 0.478822
24 167 0.368388
24 470 0.348693
24 157 0.529283
24 437 0.068623
24 281 16.653230
24 410 15.498808
24 348 13.156052
24 93 0.679696
24 351 14.065766
24 466 0.044318
24 135 0.063002
24 193 0.337273
24 327 0.199629
24 467 0.193248
25 308 0.219287
25 332 1.612837
25 316 0.078676
25 298 0.427755
25 167 0.349853
25 226 1.802593
25 57 2.191112
25 336 7.800256
25 123 0.640214
25 452 10.575710
25 265 0.617216
25 99 0.783719
25 92 12.095024
25 114 16.169783
25 37 0.325949
25 78 0.069402
25 212 0.135455
25 55 0.698039
25 222 0.027449
25 117 0.443621
25 416 0.359582
25 85 0.417593
25 394 14.139661
26 468 2.691310
26 248 7.949277
26 313 0.173792
26 403 2.197688
26 396 2.650509
26 399 5.376867
26 444 3.191033
26 375 5.166245
26 367 16.240266
26 483 2.133334
26 369 1.484560
26 271 0.393586
26 40 0.182691
26 452 0.287895
26 309 0.340215
26 431 0.072946
26 109 0.297983
26 77 0.609618
26 80 2.694792
26 206 14.108566
26 214 32.096811
26 304 15.605776
26 345 4.857563
26 433 16.370221
26 464 0.135068
26 46 0.259003
26 157 0.904480
26 53 0.281961
26 280 0.126683
27 341 6.149945
27 486 5.909656
27 85 0.924371
27 474 1.338881
27 244 6.133914
27 73 0.588290
27 226 0.225180
27 305 0.339526
27 393 0.351903
27 31 2.984557
27 166 0.801068
27 239 17.956959
27 150 0.050710
27 179 0.168260
27 71 0.205930
27 114 0.302022
27 441 0.076232
28 433 1.144768
28 126 0.619208
28 263 16.152962
28 148 17.392251
28 387 17.870336
28 414 16.017884
28 425 16.840099
28 86 15.019889
28 162 13.980034
28 466 13.830122
28 89 12.140261
28 140 16.920973
28 56 15.578552
28 316 16.826803
28 497 14.747105
28 364 17.059814
28 52 14.993758
28 269 0.288631
28 79 0.361749
28 341 0.068696
28 349 0.424935
28 427 0.052434
28 366 0.395335
28 301 0.213333
28 266 0.124240
28 142 0.457690
28 191 16.377658
28 101 13.271625
28 265 0.126735
29 326 0.475405
29 85 0.316804
29 257 16.659037
29 397 17.691594
29 270 17.449800
29 410 17.925668
29 343 1.413534
29 46 2.218939
29 332 15.660498
29 102 2.279171
29 174 0.438169
29 74 0.156077
29 130 3.784539
29 310 0.488325
29 129 0.201708
29 36 1.800145
29 348 16.168862
29 351 12.277898
29 96 0.286895
29 172 1.341040
30 374 0.481572
30 246 0.183239
30 154 7.323927
30 143 16.693385
30 368 0.591275
30 352 3.043099
30 125 1.828776
30 498 0.459835
30 96 0.270825
30 393 0.183997
30 107 0.268177
30 171 2.814952
30 341 7.657660
30 239 15.909224
31 97 0.102471
31 244 1.256027
31 338 6.888355
31 143 0.272944
31 357 2.155826
31 384 2.013235
31 171 7.932384
31 471 0.050027
31 89 0.323108
31 179 0.179713
31 236 0.407479
31 102 0.139926
31 352 5.633821
31 486 7.002554
31 239 12.320436
31 254 32.268566
31 121 0.183359
31 492 0.191644
31 172 0.061080
32 451 0.063702
32 151 4.652588
32 106 2.175879
32 38 1.832748
32 95 13.190155
32 155 0.313398
32 48 0.253161
32 473 0.250012
32 441 0.279548
32 33 4.205934
32 246 1.628099
32 377 6.989173
32 166 0.113126
32 255 0.833103
32 118 0.440327
32 177 0.271270
32 329 0.816274
32 256 0.362589
32 145 0.161812
33 228 72.616774
33 82 5.457080
33 117 1.425766
33 38 2.615665
33 40 1.389194
33 390 0.516947
33 118 0.164374
33 109 0.316749
33 157 0.594138
33 200 7.456527
33 344 4.606701
33 104 1.091996
33 326 0.284261
33 431 0.246282
33 368 0.196341
33 316 1.259318
33 101 3.185955
33 173 0.076281
33 330 0.119929
34 288 12.148298
34 340 1.401457
34 284 41.634021
34 430 6.343379
34 432 1.396814
34 451 6.575935
34 320 5.406790
34 350 0.426470
34 61 0.118442
34 460 0.034001
34 222 0.028836
34 206 15.932821
34 214 1.195577
34 243 5.829985
34 325 40.836085
34 334 17.077921
34 366 16.497447
34 367 17.109062
34 228 0.331772
34 499 0.267529
34 154 0.408544
34 127 0.016788
34 263 0.311141
34 471 0.494666
34 481 0.404674
35 389 0.093575
35 235 0.727141
35 387 6.885402
35 263 4.634562
35 157 16.117859
35 414 16.217852
35 161 4.627757
35 58 1.644240
35 497 5.203492
35 140 15.777134
35 51 17.725078
35 56 1.321341
35 298 0.265895
35 42 0.113909
35 314 0.315158
35 420 0.253300
35 191 14.352013
35 466 12.823845
35 101 16.646348
35 53 0.434179
36 288 0.368668
36 373 0.127453
36 257 16.334139
36 270 12.505317
36 281 14.929846
36 447 2.997303
36 144 16.672069
36 415 0.456905
36 478 0.464197
36 130 0.219087
36 475 0.318949
36 253 0.293263
36 332 12.035222
36 348 15.221711
36 347 1.035193
37 396 0.253422
37 462 0.319214
37 95 1.073988
37 377 0.339003
37 213 0.276218
37 270 15.949862
37 410 15.043292
37 63 0.086458
37 494 0.197712
37 192 0.130111
37 55 12.888545
37 59 3.594759
37 449 3.108821
37 332 15.247126
37 351 15.005354
37 51 1.305607
37 205 0.145715
37 75 0.405565
37 226 0.474514
37 276 0.468364
37 440 0.250519
38 271 0.597739
38 151 6.525404
38 238 0.069676
38 200 6.399310
38 82 5.142824
38 106 4.509966
38 52 0.168150
38 153 0.207023
38 474 0.260307
38 312 0.475624
38 107 0.263046
38 453 6.059991
38 95 16.370913
38 377 1.756565
38 291 0.245289
38 194 0.252132
38 73 2.473114
38 466 0.856917
38 277 0.270983
38 429 0.374044
39 408 2.849666
39 107 2.506232
39 129 0.197980
39 163 1.906643
39 395 6.156052
39 379 0.072303
39 383 0.700645
39 162 0.304435
39 212 0.335907
39 120 7.131031
39 152 2.908248
39 164 0.969115
39 326 17.032828
39 362 17.141153
39 101 0.240767
39 103 0.409904
39 241 0.081025
40 304 0.744886
40 320 0.446309
40 433 0.264671
40 292 0.109682
40 79 0.315466
40 165 0.230278
40 80 0.426182
40 306 3.637638
40 350 4.198918
40 228 12.634905
40 72 0.065937
40 76 0.100709
40 332 0.052598
40 489 2.919224
41 214 4.785652
41 382 0.859493
41 142 13.987345
41 335 14.589878
41 94 12.965504
41 79 12.758367
41 305 17.972549
41 68 12.432466
41 73 17.221293
41 349 12.325672
41 346 13.418697
41 41 14.142874
41 60 15.849930
41 194 12.043718
41 233 16.751021
41 328 15.256226
41 255 13.502146
41 454 14.006415
41 482 0.269445
41 177 0.774273
41 368 0.178494
41 133 0.415795
41 282 1.724256
41 98 0.035715
41 250 0.006782
41 144 0.315592
41 136 0.067936
41 42 0.467665
41 467 0.623886
41 230 0.363937
41 81 12.318516
41 449 0.501609
41 414 0.437324
41 92 0.413712
41 429 0.392149
41 440 0.071668
42 206 0.148050
42 468 0.141494
42 309 0.387329
42 267 0.250666
42 257 12.543878
42 397 16.364623
42 270 15.187723
42 281 12.394425
42 420 0.288201
42 141 0.138434
42 261 0.459927
42 290 0.191199
42 332 13.607402
42 351 14.728734
42 161 0.187399
42 75 0.141896
42 92 0.211893
42 158 0.325542
43 368 0.361552
43 305 0.272619
43 266 1.518860
43 203 0.772520
43 272 6.000000
43 493 5.940089
43 460 17.621470
43 205 15.451409
43 492 1.645204
43 347 17.636162
43 230 1.145719
43 152 0.088781
43 51 1.163356
43 458 0.387650
43 206 0.507340
43 385 0.242878
43 476 0.336571
43 159 0.169426
43 78 1.044261
43 181 6.446416
43 160 0.196766
44 137 12.915378
44 163 2.724505
44 83 0.574454
44 406 2.387279
44 309 4.697321
44 393 3.039037
44 197 6.551818
44 407 4.561560
44 57 0.360074
44 483 0.359529
44 233 0.256016
44 61 0.396711
44 183 1.397934
44 217 15.611138
44 389 7.487342
44 421 2.769461
44 464 17.143289
45 212 0.247974
45 79 0.141319
45 190 0.278900
45 229 0.358368
45 165 2.587808
45 471 1.514405
45 331 0.774824
45 356 3.153181
45 448 1.074450
45 333 6.163022
45 385 6.000000
45 376 14.786779
45 199 1.093083
45 453 0.240774
45 231 0.197065
45 80 0.140702
45 304 0.730021
45 272 0.367719
45 338 0.298135
45 290 0.262357
45 92 12.744205
45 219 14.810814
46 451 0.286690
46 274 0.241149
46 291 0.381565
46 454 0.059370
46 144 15.850669
46 281 16.424280
46 449 5.022142
46 101 0.242799
46 136 0.059603
46 218 0.301756
46 321 0.287560
46 55 14.620686
46 311 2.014957
46 59 3.185068
46 332 14.433377
46 348 12.013852
46 57 0.107674
46 188 0.489759
47 232 0.492450
47 291 0.499557
47 332 2.110673
47 290 0.425194
47 210 0.312417
47 141 1.962280
47 280 1.455113
47 269 2.630801
47 123 0.748450
47 401 7.975223
47 279 4.373307
47 142 0.444024
47 161 0.183038
47 133 0.169794
47 310 0.136459
47 474 0.267890
47 375 0.179465
47 408 0.426895
47 48 1.849978
47 156 1.224512
47 160 5.236613
47 331 0.455055
47 376 14.388613
47 394 17.133208
47 456 1.414748
47 481 6.943421
48 382 0.137518
48 346 0.917449
48 491 0.665476
48 59 0.197948
48 294 0.195478
48 136 7.083452
48 262 2.556872
48 151 0.262825
48 192 0.752146
48 395 0.361138
48 274 16.189644
48 238 0.141900
48 92 14.146138
48 110 1.110428
48 219 16.682266
48 276 1.286932
48 424 0.456834
48 440 1.071609
49 97 0.228748
49 334 0.067333
49 396 0.105783
49 315 14.026137
49 339 14.083181
49 321 12.850974
49 87 17.535295
49 293 15.855883
49 309 12.844673
49 249 13.825794
49 49 12.276605
49 362 17.367965
49 237 17.412224
49 183 17.114275
49 61 12.697791
49 333 0.094285
49 329 2.746630
49 414 0.744718
49 199 1.604818
49 448 0.858643
49 241 0.528916
49 493 0.506765
49 140 0.278830
49 373 0.460695
49 137 17.943924
49 412 15.225758
49 368 0.466427
49 231 0.243193
49 425 0.499387
50 249 0.268119
50 477 0.265054
50 257 17.720650
50 149 16.924798
50 281 15.317808
50 410 16.782662
50 348 17.213513
50 273 0.921569
50 243 0.480554
50 223 0.087336
50 198 0.492661
50 160 0.133067
50 332 12.357745
50 93 1.265810
50 446 0.465234
50 92 0.039321
50 401 0.167603
51 236 0.577881
51 472 0.541399
51 407 0.461970
51 449 1.618301
51 387 12.912970
51 414 12.008708
51 64 14.966400
51 196 15.494871
51 51 15.420721
51 52 12.337099
51 290 15.087866
51 466 13.617970
51 157 16.496364
51 263 16.720096
51 140 13.242358
51 300 0.053142
51 448 0.063813
51 60 0.437994
51 75 0.248225
51 55 0.652999
51 229 0.601949
51 76 0.451676
51 370 0.716746
51 316 16.623165
51 86 13.050385
51 101 14.218086
51 279 0.627976
52 197 0.409992
52 119 0.235981
52 140 12.157755
52 287 14.859962
52 161 7.833006
52 144 0.635074
52 394 0.041710
52 170 0.178786
52 352 0.405579
52 191 15.574810
52 466 15.781481
52 205 0.548756
52 188 0.360946
52 358 0.090686
53 217 0.686319
53 218 0.187248
53 298 1.444763
53 167 1.831835
53 272 1.671138
53 230 6.026556
53 402 5.501129
53 137 1.541460
53 379 0.138298
53 70 0.455583
53 67 16.906227
53 405 15.386761
53 210 5.846058
53 498 0.323275
53 156 0.384859
54 274 17.733634
54 120 5.997051
54 195 2.810168
54 132 7.392792
54 464 14.276144
54 113 5.466748
54 265 0.057523
54 79 0.385350
54 71 0.189378
54 240 0.202239
54 390 0.184627
54 178 7.859653
54 216 1.195612
54 362 15.285503
54 479 16.019781
54 499 1.207186
54 194 0.203995
54 68 0.036832
54 222 1.437577
54 257 0.161716
54 62 0.308319
55 220 0.276509
55 486 1.062360
55 257 13.293128
55 281 17.234609
55 411 14.731047
55 144 14.613774
55 273 16.253848
55 102 14.247342
55 324 15.255288
55 397 16.820514
55 398 12.387642
55 149 126.111688
55 55 17.025095
55 319 0.407033
55 368 0.386281
55 141 0.102096
55 145 0.692381
55 123 0.298242
55 118 0.104140
55 112 0.165323
55 316 0.927394
55 309 0.375062
55 332 13.020447
55 485 0.392371
56 95 0.417164
56 83 0.156947
56 390 0.284793
56 348 0.439335
56 140 15.888537
56 287 15.364865
56 161 3.458638
56 163 0.370425
56 296 0.098488
56 122 0.442435
56 367 0.484990
56 191 17.440420
56 196 1.583719
56 329 16.721883
56 101 12.694804
56 380 12.842056
56 169 0.122655
57 304 0.416804
57 379 0.163463
57 104 0.033114
57 402 0.068849
57 474 0.402867
57 447 0.150977
57 92 14.412287
58 60 0.201397
58 263 5.363201
58 140 16.310919
58 86 17.799322
58 69 2.879255
58 209 0.254320
58 62 0.171262
58 476 0.084108
58 342 0.094550
58 316 17.885218
58 380 15.667873
58 294 0.424371
58 98 0.385842
59 212 0.312926
59 468 0.228243
59 408 0.378366
59 209 3.397070
59 257 16.123904
59 397 15.966185
59 144 17.243024
59 270 12.490135
59 273 1.261955
59 410 17.989196
59 62 2.721463
59 102 3.852016
59 411 5.206433
59 414 1.449095
59 248 0.399378
59 63 0.166396
59 126 0.075617
59 432 0.273602
59 208 0.493967
59 113 0.383936
59 332 13.557527
59 348 13.293483
59 351 16.029095
59 86 0.316640
60 197 0.495519
60 390 12.485450
60 147 0.297579
60 255 16.027714
60 328 2.920115
60 458 0.329642
60 415 0.435525
60 65 0.073625
60 68 15.021069
60 81 16.399627
60 346 12.407152
60 252 6.914956
60 287 0.319632
60 376 0.425329
61 480 5.426931
61 163 0.749684
61 443 0.066516
61 378 0.388525
61 338 0.405212
61 150 0.270135
61 116 17.803553
61 137 16.343986
61 218 7.713975
61 464 13.592922
61 426 0.146173
61 435 0.220608
61 210 0.353383
61 219 0.696661
62 257 16.598537
62 270 15.297411
62 281 14.043543
62 170 0.375624
62 332 17.806452
62 411 4.609737
62 410 15.439397
62 469 0.148247
62 112 2.021372
62 143 0.185763
62 449 0.232926
62 324 13.584365
62 93 1.797506
62 351 12.810503
62 101 0.032923
62 135 0.351056
62 186 0.199928
63 91 0.262603
63 405 0.040237
63 376 13.669445
63 407 0.161120
63 355 0.428382
63 64 0.152266
63 461 0.482167
63 110 2.610157
63 114 16.359749
63 159 14.081190
63 307 2.589950
63 424 7.442518
64 474 0.328151
64 387 0.935610
64 131 5.075398
64 140 15.597999
64 287 15.363243
64 161 1.411164
64 425 12.448455
64 316 16.611004
64 191 13.422767
64 314 0.145009
64 329 15.467349
64 466 15.409139
64 67 0.621298
64 128 0.442205
65 374 7.298628
65 295 1.556214
65 65 4.103426
65 379 3.608582
65 442 4.347478
65 427 13.188257
65 109 0.322152
65 315 0.250046
65 448 0.080315
65 471 0.415501
65 97 12.368071
65 367 15.432429
65 370 1.534602
65 319 0.115208
66 283 0.209370
66 334 0.516627
66 239 0.055975
66 147 0.270052
66 66 6.170790
66 153 7.447700
66 485 0.899475
66 273 0.398764
66 486 0.407595
66 438 0.381302
66 286 1.111782
66 75 2.181294
66 114 12.448559
66 327 6.499874
66 440 3.539015
66 448 1.024037
67 369 0.107430
67 116 0.743033
67 118 0.151881
67 348 0.169076
67 210 16.702533
67 256 17.835512
67 446 13.062515
67 266 14.103571
67 155 14.316160
67 422 15.002232
67 203 17.596964
67 78 15.350900
67 294 17.640267
67 460 17.117478
67 74 17.218524
67 272 13.246471
67 402 15.267561
67 298 13.494963
67 229 13.031880
67 205 13.948808
67 492 17.861686
67 224 17.004884
67 498 14.039821
67 362 0.022162
67 86 0.401542
67 377 0.193813
67 490 0.318452
67 420 0.069927
67 442 0.086836
67 349 0.802716
67 260 0.655929
67 122 0.210804
67 208 0.071796
67 267 0.441153
67 448 0.948549
67 181 14.585662
68 95 0.309504
68 293 0.528988
68 318 0.463257
68 476 1.552809
68 390 14.359880
68 194 127.384882
68 79 16.026380
68 233 15.725857
68 147 14.284228
68 221 14.927708
68 255 12.479011
68 94 15.589904
68 335 12.615139
68 81 12.785970
68 494 0.602317
68 446 0.139059
68 496 0.361583
68 235 0.733888
68 323 0.789661
68 447 0.435588
68 169 0.133146
68 402 0.827182
68 340 0.169533
68 346 13.895514
68 398 0.203126
68 162 0.396605
68 347 0.114260
68 181 0.572414
68 493 0.045272
68 172 0.145387
68 198 0.814780
69 461 0.145230
69 263 5.029210
69 140 12.099773
69 157 159.736255
69 287 13.082215
69 161 1.187509
69 191 17.045644
69 75 0.138719
69 170 0.169550
69 348 0.018678
69 337 0.348816
69 329 14.695240
69 466 14.520960
69 101 15.081363
69 268 0.255882
69 205 0.100706
69 71 0.440708
69 322 0.301476
70 299 0.259192
70 365 0.338036
70 292 12.709575
70 192 12.652132
70 413 3.133173
70 184 4.462155
70 105 1.706071
70 304 0.058298
70 227 0.073716
70 388 0.153048
70 160 0.065734
70 360 2.645275
70 126 0.562819
70 146 17.232933
70 176 5.252349
70 207 17.208992
70 490 17.017103
70 144 0.161561
71 227 0.366351
71 228 0.967503
71 117 0.164576
71 183 0.401819
71 119 0.377799
71 204 0.143754
71 435 0.217180
71 351 0.887943
71 302 7.942740
71 250 1.111768
71 429 1.587100
71 364 0.345971
71 377 0.165032
71 418 0.080343
71 275 0.349373
71 135 4.818813
71 225 17.670697
71 376 14.474122
71 440 2.685283
71 452 7.284018
72 137 0.265115
72 412 0.494772
72 479 0.355350
72 486 0.211096
72 390 12.595676
72 367 0.058573
72 198 0.069249
72 164 0.383059
72 320 0.458484
72 73 15.888727
72 79 3.151081
72 81 17.608072
72 360 0.282091
72 426 0.660652
72 343 0.451041
72 140 0.372809
72 169 0.190864
72 186 0.471436
73 88 0.042193
73 120 0.297133
73 183 0.040474
73 171 0.136339
73 341 1.823504
73 390 16.719838
73 328 15.162659
73 73 15.093381
73 252 17.349799
73 349 12.745651
73 335 16.359058
73 142 15.681279
73 305 91.446730
73 94 17.971207
73 346 16.278454
73 79 16.554170
73 255 16.660210
73 76 17.695172
73 267 13.834028
73 359 0.510677
73 389 0.012262
73 96 0.086116
73 95 0.074140
73 434 1.051760
73 164 0.791487
73 387 0.723508
73 116 0.867333
73 83 0.090646
73 202 0.082720
73 325 0.892934
73 428 0.073082
73 303 1.268157
73 151 0.343552
73 81 12.432733
73 292 0.714433
73 140 0.296089
74 116 1.049693
74 149 0.178506
74 337 3.989308
74 295 0.170024
74 406 0.391764
74 373 0.376242
74 397 0.147503
74 78 5.785204
74 347 13.975009
74 203 1.840146
74 205 14.698638
74 470 1.205572
74 224 4.637719
74 356 0.139247
75 206 0.772966
75 317 0.262112
75 427 0.012806
75 323 0.156419
75 192 3.000000
75 351 0.224419
75 153 2.722512
75 108 7.984037
75 156 4.364194
75 330 2.224980
75 439 0.390470
75 310 0.496778
75 278 0.067924
75 275 0.364316
75 173 0.206236
75 135 6.854936
75 429 1.932892
75 440 1.794880
76 304 0.292430
76 221 7.176979
76 142 6.346943
76 390 16.526893
76 194 0.509897
76 94 1.334102
76 335 2.407480
76 386 0.388187
76 418 0.344389
76 220 0.187505
76 345 0.197213
76 81 16.042467
76 343 0.076271
76 161 0.488714
76 96 0.314203
76 112 0.261849
76 409 0.017827
77 299 2.255221
77 396 0.856480
77 386 1.290080
77 295 6.580613
77 300 7.660703
77 432 0.880060
77 379 1.809503
77 269 0.316186
77 99 0.098826
77 158 0.566324
77 97 17.900605
77 234 2.405771
77 236 16.781371
77 304 15.631293
77 313 4.341452
77 361 1.116888
77 373 13.822930
77 433 14.662458
77 137 0.233013
77 152 0.102533
77 239 0.150487
77 125 0.332098
77 346 0.410624
77 119 0.270309
77 383 0.009394
77 103 0.457916
78 286 0.251355
78 177 0.307759
78 277 2.579798
78 455 0.748717
78 460 17.504285
78 169 0.126596
78 108 0.214222
78 313 0.367086
78 341 0.198570
78 198 0.227240
78 98 0.482608
78 347 15.414433
78 203 0.261857
78 210 7.972452
79 479 0.178653
79 390 15.428833
79 221 1.166267
79 349 0.343114
79 381 0.270206
79 345 0.133954
79 163 0.363773
79 301 0.394949
79 81 14.868839
79 255 17.233023
79 121 0.373191
79 348 0.048985
79 101 1.247745
80 372 5.461907
80 234 0.424335
80 386 5.960170
80 320 4.170733
80 468 7.379354
80 334 12.069682
80 331 0.195601
80 140 0.045563
80 328 0.120579
80 97 13.934866
80 308 5.296451
80 317 0.699755
80 375 0.446181
80 451 5.246310
80 306 0.147314
80 225 0.958090
81 236 0.400388
81 328 12.461819
81 346 12.196634
81 390 17.815324
81 94 15.621001
81 252 17.413101
81 194 17.041853
81 233 15.611916
81 305 14.607220
81 221 17.193836
81 147 17.630684
81 142 12.563250
81 349 12.319070
81 454 12.802323
81 238 2.658528
81 450 0.021908
81 166 0.341536
81 472 0.096801
81 407 0.682277
81 433 0.178842
81 483 0.403730
81 497 0.859440
81 206 0.384395
81 237 0.236967
81 444 1.139408
81 460 1.076202
81 231 0.057412
81 255 16.643474
81 381 0.505085
81 204 0.131196
81 332 0.807987
81 253 1.040080
81 99 0.169660
82 271 1.177491
82 151 2.159149
82 453 0.796688
82 82 2.702191
82 230 0.465033
82 157 1.305611
82 217 0.017220
82 288 0.705435
82 350 7.063543
82 95 12.675471
82 228 13.198591
82 106 1.740989
82 377 7.196969
82 171 0.062793
82 256 0.314306
82 467 0.116136
83 314 5.839035
83 496 6.752278
83 339 1.813551
83 129 2.530708
83 132 6.716722
83 408 5.030913
83 124 0.340856
83 133 1.109301
83 186 0.072456
83 450 0.308896
83 473 0.414572
83 402 0.474746
83 104 17.789668
83 217 15.006115
83 274 15.328598
83 363 0.555316
83 382 14.794974
83 437 5.263104
83 464 17.612366
83 359 0.312291
83 256 0.496807
83 448 0.184648
84 383 0.379362
84 420 0.172061
84 207 0.823296
84 333 0.825944
84 336 5.431802
84 96 6.410730
84 160 1.591951
84 199 3.786321
84 354 0.839326
84 109 0.085356
84 123 7.805683
84 218 0.088109
84 251 0.235748
84 435 0.312138
84 105 0.230938
84 411 0.213427
84 404 0.405789
84 92 16.845674
84 215 7.090308
84 225 14.419996
84 401 5.670824
85 407 0.147444
85 499 0.347525
85 143 2.863219
85 154 0.655492
85 368 3.079669
85 166 1.220293
85 384 6.099403
85 213 1.534714
85 357 7.291304
85 416 0.059338
85 198 0.427574
85 393 0.347196
85 290 0.494845
85 341 2.479707
85 476 6.764643
85 486 0.448457
85 254 4.412601
85 348 0.139834
85 224 0.180816
86 379 0.573142
86 216 0.138838
86 289 0.176303
86 338 0.185957
86 157 17.665455
86 287 14.276990
86 162 15.913882
86 316 14.788388
86 196 13.209634
86 380 12.557863
86 89 16.947866
86 378 15.685067
86 290 13.268199
86 101 13.896045
86 364 17.059503
86 147 0.166588
86 399 0.189583
86 437 0.524689
86 120 0.858802
86 473 0.641179
86 199 0.256491
86 371 1.282813
86 168 0.349601
86 279 0.102298
87 430 0.033966
87 306 0.052804
87 129 16.171112
87 400 16.940487
87 163 12.644751
87 249 13.283865
87 206 0.151907
87 320 1.397439
87 191 1.026004
87 465 0.235868
87 135 1.182305
87 104 14.919310
87 116 15.859885
87 137 14.677824
87 152 15.191979
87 218 16.781921
87 237 17.343575
87 274 13.273840
87 363 15.388577
87 382 13.175392
87 389 17.219097
87 393 12.342673
87 437 15.404766
87 311 0.369925
87 253 0.207979
87 153 0.255172
87 225 0.427889
87 485 0.010381
88 206 0.543408
88 285 0.119898
88 366 0.112230
88 496 0.828807
88 274 13.958050
88 278 6.694502
88 392 0.956799
88 376 0.115038
88 446 0.277094
88 467 0.246584
88 208 0.294470
88 116 14.947305
88 217 13.245124
88 309 1.980866
88 326 12.610606
88 407 5.711408
88 464 16.189809
88 346 0.006958
89 436 0.075395
89 192 1.970537
89 348 1.557741
89 131 5.182291
89 140 14.542143
89 425 14.179781
89 191 17.541774
89 103 0.402306
89 279 0.293498
89 376 0.931158
90 366 0.162478
90 372 0.214210
90 393 0.251772
90 194 0.080278
90 263 3.590714
90 140 15.860356
90 425 14.788600
90 329 12.586822
90 335 0.340750
90 102 0.098542
90 380 12.679871
90 441 0.386106
91 304 0.301129
91 362 0.272677
91 475 0.242870
91 105 0.401077
91 497 0.212010
91 337 2.782702
91 91 0.815047
91 137 0.029076
91 127 1.527636
91 315 0.413567
91 438 0.156364
91 203 5.126568
92 300 0.237902
92 362 1.134889
92 418 0.360573
92 235 0.406141
92 435 0.018075
92 191 0.690715
92 145 13.444162
92 459 15.889816
92 424 16.229516
92 96 14.886101
92 331 12.268489
92 110 17.301557
92 409 17.649465
92 279 17.691918
92 269 17.845719
92 473 14.436158
92 342 15.734663
92 92 12.458589
92 485 16.218006
92 198 17.926263
92 282 17.949959
92 122 17.446400
92 452 12.448239
92 168 17.481903
92 208 17.015771
92 441 12.784183
92 353 0.046700
92 414 0.518742
92 370 0.130687
92 387 0.372076
92 380 1.095480
92 413 0.099676
92 326 0.015348
92 299 0.371869
92 352 0.011276
92 97 0.406631
92 246 0.069954
92 487 0.083880
92 412 0.537064
92 100 16.614891
92 215 12.220977
93 444 0.125774
93 120 0.355908
93 392 0.443313
93 499 0.492618
93 144 12.002325
93 270 17.387250
93 149 12.735852
93 281 12.503287
93 332 14.645111
93 348 16.216644
93 170 3.895973
93 411 4.705594
93 397 14.559161
93 257 17.648909
93 351 17.799281
93 409 0.411756
93 250 0.118345
93 346 2.121504
93 386 0.140428
93 202 0.186948
93 277 0.492764
93 371 0.397085
93 206 0.082985
93 455 0.188929
93 203 0.413267
93 282 0.151513
94 106 0.440186
94 454 7.376191
94 346 14.549299
94 155 0.201739
94 424 0.376084
94 489 0.415838
94 255 14.327537
94 397 1.047622
94 128 0.101583
95 236 1.704623
95 453 15.888477
95 344 13.391950
95 350 14.140896
95 238 15.810869
95 228 15.140046
95 151 14.854740
95 306 15.017889
95 106 16.684579
95 246 17.547391
95 271 16.266632
95 377 16.141936
95 117 15.965183
95 200 15.847893
95 241 1.236805
95 450 0.158932
95 383 0.517972
95 166 0.229659
95 396 0.048922
95 375 0.052069
95 211 0.324169
95 274 0.489009
95 454 0.124583
95 316 0.244840
95 159 0.176043
96 299 0.269486
96 129 0.323483
96 464 0.014516
96 380 0.836895
96 422 0.370208
96 279 5.847594
96 336 4.163343
96 428 0.427053
96 226 7.620026
96 403 0.170803
96 383 0.124279
96 495 0.208995
96 309 0.181919
96 368 0.329201
96 198 4.179597
96 276 0.444189
96 401 0.721426
96 485 5.303667
97 445 14.185826
97 403 15.977724
97 320 14.074279
97 340 15.007896
97 206 17.156102
97 444 15.767956
97 438 12.793889
97 451 13.605479
97 295 16.858325
97 236 16.988388
97 386 15.223060
97 285 14.764374
97 259 14.283827
97 227 17.268060
97 417 16.338890
97 248 16.122848
97 432 16.179380
97 326 0.587136
97 363 0.435926
97 160 0.640242
97 439 0.254901
97 278 0.064429
97 142 0.721755
97 436 0.214822
97 99 0.578941
97 335 0.621700
97 314 0.263578
97 284 17.340044
97 304 16.312193
97 308 17.746716
97 334 14.942852
97 377 0.055209
97 221 0.272051
97 231 0.704086
97 281 0.012187
98 325 0.271317
98 367 0.040496
98 407 0.451983
98 142 0.350460
98 270 0.058607
98 281 0.376300
98 488 0.283910
98 219 14.399101
98 194 0.269157
98 344 0.108060
98 406 0.246898
98 468 0.299837
98 258 0.417065
98 215 3.088022
98 264 4.103937
99 189 0.176597
99 352 0.405534
99 428 6.930914
99 148 0.056093
99 149 0.070501
99 133 0.236262
99 172 13.120966
99 219 14.156129
99 225 16.721333
99 297 1.744066
99 327 0.604703
99 376 12.226115
100 462 0.179579
100 390 0.201527
100 138 0.391019
100 140 0.144880
100 492 0.392509
100 342 6.903038
100 110 2.816279
100 391 7.026668
100 441 3.616156
100 371 0.292969
100 244 0.477347
100 147 0.452547
100 251 0.186573
100 267 0.314514
100 466 0.070455
100 393 0.307094
100 219 15.630687
100 264 4.039234
100 307 5.692092
100 429 3.712317
101 206 0.313486
101 304 0.039879
101 238 0.748594
101 120 0.069834
101 137 0.709570
101 291 0.266487
101 461 0.278039
101 239 0.330458
101 349 0.592694
101 414 15.465307
101 329 12.126126
101 140 15.459592
101 131 17.760464
101 275 17.861969
101 425 13.545284
101 303 17.736835
101 196 16.986552
101 290 17.174248
101 316 16.844929
101 101 14.763627
101 364 16.638308
101 327 0.159378
101 447 0.381613
101 436 0.468670
101 479 0.826023
101 488 0.072899
101 122 0.794653
101 398 0.677707
101 394 0.615844
101 406 0.909271
101 388 0.109881
101 380 17.947251
101 492 0.044608
101 198 0.308017
101 481 1.426059
102 369 0.272782
102 350 0.278324
102 382 1.415909
102 146 1.348364
102 397 14.062142
102 270 14.074600
102 281 15.361404
102 410 16.320487
102 324 2.403573
102 348 13.843004
102 460 0.772148
103 274 0.080520
103 143 0.358055
103 242 0.499450
103 439 0.424459
103 397 0.264766
103 191 0.042985
103 196 0.383599
103 405 0.500025
103 422 0.200886
103 139 4.185996
103 225 17.423809
103 327 2.662247
103 394 15.116747
103 409 16.789586
104 421 14.148546
104 315 17.796230
104 480 15.681045
104 412 16.761022
104 130 12.729152
104 129 17.444827
104 291 12.214237
104 178 15.421436
104 339 15.432688
104 243 0.053428
104 212 1.462102
104 438 0.226569
104 459 0.032543
104 225 0.494432
104 137 14.592818
104 216 13.179265
104 479 13.950678
104 499 17.220165
104 292 0.242723
104 426 0.863485
104 131 0.218642
104 169 0.507638
104 205 0.123548
104 265 0.374282
105 370 0.248622
105 476 0.262491
105 134 1.190499
105 490 14.219997
105 465 0.287714
105 413 3.498975
105 184 5.742496
105 260 13.941531
105 321 0.348195
105 330 0.361693
105 165 0.144628
105 167 0.419033
105 121 3.257725
105 138 5.255517
105 426 17.653422
105 192 13.064121
105 204 14.120623
105 410 0.303638
105 324 2.997042
105 416 0.390800
106 234 0.377443
106 271 0.038545
106 151 1.775764
106 453 0.983038
106 344 2.086504
106 228 140.836669
106 382 0.290646
106 452 0.280442
106 109 0.172010
106 164 0.402152
106 246 2.770558
106 377 4.527918
106 178 0.490756
106 474 0.282509
106 381 0.456203
106 490 0.275226
106 114 0.606335
107 345 0.235906
107 116 15.911722
107 487 6.606929
107 414 0.749888
107 159 0.272187
107 243 0.188009
107 130 0.220437
107 137 16.185341
107 195 6.000000
107 216 7.712642
107 237 12.553612
107 362 12.763731
107 406 3.101038
107 255 0.110630
107 484 0.171921
107 148 0.398724
107 402 0.058098
107 210 0.301200
107 492 0.185763
107 301 0.276577
108 427 0.124635
108 383 2.210291
108 196 0.137215
108 172 12.546369
108 327 4.734146
108 409 17.257015
108 403 0.212409
108 194 0.291742
108 240 0.124936
108 219 13.158434
108 247 1.598488
108 264 0.552150
108 456 1.637633
108 485 6.055081
109 477 0.292221
109 146 0.335827
109 144 1.082026
109 205 0.169516
109 259 0.101144
109 225 12.176306
109 394 17.720169
109 456 0.770594
110 472 0.115492
110 350 0.400911
110 237 0.140512
110 418 0.302919
110 491 0.361503
110 351 1.033356
110 229 3.685891
110 276 3.666823
110 297 1.965719
110 391 1.438760
110 338 0.110086
110 133 0.160331
110 453 0.302939
110 125 0.492112
110 176 0.378404
110 325 0.254731
110 185 0.168199
110 153 0.875636
110 301 4.641856
110 358 4.609026
110 376 16.652456
110 394 17.743390
110 409 16.953468
110 448 1.290232
111 476 0.080696
111 346 0.246274
111 190 1.566832
111 490 16.830474
111 469 4.255358
111 202 1.629379
111 144 0.076438
111 165 0.479366
111 289 0.256511
111 387 0.132819
111 146 13.887140
111 176 1.155817
111 347 0.874904
112 311 0.143482
112 275 0.365673
112 473 2.805808
112 331 1.314112
112 168 54.068607
112 333 7.812660
112 207 0.402090
112 288 0.552735
112 120 0.378162
112 211 0.495912
112 114 15.703992
112 153 5.845616
112 276 1.483003
112 376 14.932996
113 295 0.294864
113 334 0.018588
113 415 0.205489
113 392 2.639805
113 197 6.605084
113 113 5.263168
113 274 16.954962
113 421 4.207081
113 187 0.451450
113 489 0.457302
113 342 0.278222
113 366 1.018235
113 244 0.380978
113 116 14.579268
113 137 17.376306
113 499 2.733607
113 205 0.951302
113 186 0.148838
114 425 1.946127
114 173 0.457043
114 165 15.179577
114 330 12.856153
114 153 12.738918
114 198 15.886177
114 226 16.841662
114 440 13.362787
114 225 16.120965
114 188 16.476041
114 122 17.642067
114 371 12.659113
114 241 13.675631
114 481 13.945254
114 354 14.069487
114 471 16.290113
114 423 16.539273
114 240 0.113105
114 210 2.496526
114 308 0.726055
114 438 0.461701
114 314 0.092158
114 285 0.439684
114 235 0.451304
114 316 1.167860
114 181 1.239948
114 402 0.083700
114 156 16.563370
114 159 12.262948
115 334 0.195272
115 152 0.175812
115 309 0.477051
115 166 0.491216
115 260 13.478246
115 292 15.190320
115 359 2.478482
115 383 15.559501
115 138 1.200219
115 426 15.039077
115 184 0.623144
115 223 1.158054
115 273 0.218207
115 493 0.176472
115 198 0.203245
116 400 17.290602
116 475 16.815909
116 152 16.839903
116 178 16.900405
116 407 17.915817
116 120 15.751470
116 321 12.407601
116 218 13.760691
116 495 14.810935
116 195 16.328116
116 197 17.276656
116 133 12.682120
116 237 13.083759
116 278 13.888006
116 389 15.128810
116 479 12.964566
116 266 0.221687
116 264 0.167630
116 295 0.026892
116 452 1.626351
116 136 0.348276
116 460 0.662877
116 167 2.531795
116 191 0.350735
116 338 1.079133
116 296 0.190410
116 355 70.843709
116 221 0.058959
116 126 0.200709
116 465 0.667664
116 387 0.140313
116 376 0.170366
117 271 6.461746
117 228 15.235890
117 453 1.586794
117 377 1.021596
117 382 0.970250
117 477 0.107766
117 413 0.400922
117 332 0.532953
117 230 0.149910
117 159 0.367249
118 211 0.442105
118 185 1.665534
118 240 0.950174
118 180 4.449468
118 465 5.257379
118 367 0.457057
118 365 0.243291
118 254 0.384970
118 383 14.556647
118 146 12.641564
118 418 5.997031
118 426 15.265564
118 434 2.295212
118 490 13.308749
118 397 0.775702
118 449 0.228776
118 298 0.410971
118 347 0.229589
118 225 0.431243
119 248 0.473124
119 355 0.226180
119 454 0.342083
119 255 0.443223
119 260 17.035808
119 267 0.221983
119 127 14.556881
119 383 14.472668
119 222 12.158521
120 318 4.277489
120 499 5.672342
120 324 0.475835
120 197 0.674298
120 293 4.574230
120 314 0.516230
120 339 4.172261
120 362 15.856672
120 252 0.308372
120 287 0.593018
120 181 0.114752
121 292 16.652740
121 207 17.897755
121 121 0.976047
121 469 4.816766
121 150 4.066069
121 146 15.020180
121 138 6.000000
121 420 4.246099
121 436 1.468756
121 418 5.650691
121 439 5.414338
121 268 0.299121
121 213 0.155192
121 328 0.181847
121 404 0.151460
121 355 0.262089
121 426 14.505859
121 176 5.870584
121 184 0.679793
121 491 12.702987
121 250 0.410677
122 419 3.047977
122 126 0.471752
122 281 0.796015
122 447 0.127750
122 395 0.097469
122 319 0.217436
122 398 0.317498
122 325 0.112046
123 154 0.359700
123 328 0.410882
123 484 0.339683
123 491 1.342440
123 348 0.520399
123 487 0.216753
123 141 2.380859
123 172 14.317452
123 376 12.104366
124 189 6.883401
124 129 0.913640
124 319 0.569781
124 165 0.328648
124 292 1.754852
124 246 0.070393
124 197 4.297361
124 216 2.184947
124 314 4.830926
124 393 0.365749
124 395 1.005609
124 408 0.627394
124 194 0.159600
124 144 0.184443
124 414 0.131184
124 422 0.423951
124 145 0.301609
124 391 0.341353
125 286 0.413011
125 370 0.266123
125 403 0.375769
125 438 0.293335
125 445 0.474490
125 143 0.763123
125 154 1.620326
125 213 0.647084
125 239 12.361527
125 368 1.038588
125 380 0.987542
125 410 1.403775
125 348 1.110092
125 272 0.257798
126 214 0.340962
126 433 1.024464
126 412 0.224272
126 479 0.287931
126 255 0.229359
126 258 4.941315
126 359 1.350466
126 469 1.173540
126 251 2.074532
126 235 15.661269
126 381 33.407522
126 330 0.399469
126 349 0.315228
126 285 0.137401
126 426 15.759825
126 184 0.415857
127 189 0.344402
127 292 12.859403
127 323 16.805120
127 202 13.821558
127 490 15.633130
127 463 13.386698
127 434 15.626095
127 469 14.854867
127 360 15.325337
127 235 12.804584
127 359 13.286840
127 180 15.318710
127 134 15.011207
127 413 17.258128
127 192 17.251381
127 458 12.640868
127 418 15.766117
127 260 17.471109
127 261 0.399457
127 391 0.061501
127 148 0.660532
127 252 2.613476
127 342 0.250210
127 365 0.093980
127 356 0.355286
127 212 0.339769
127 281 0.225247
127 146 16.664540
127 426 15.506468
127 347 0.026494
127 141 0.886487
128 217 0.349832
128 328 0.404238
128 332 1.500855
128 380 0.344678
128 460 0.356014
128 470 0.245189
128 480 0.497733
128 438 0.412969
128 159 15.253194
128 219 17.232312
128 331 1.024391
128 376 13.877377
129 393 4.882322
129 439 0.479998
129 176 0.434856
129 445 0.377421
129 152 1.487320
129 189 2.979660
129 274 14.250141
129 289 6.101382
129 362 14.909131
129 499 2.380604
129 387 0.119461
129 316 0.482329
130 475 4.961678
130 321 4.290847
130 365 6.371815
130 164 0.943819
130 382 12.721966
130 496 0.417843
130 211 1.945710
130 421 1.850662
130 363 7.618328
130 381 0.292567
130 143 0.390108
130 335 0.143465
130 263 3.761681
130 473 0.256171
130 172 0.026447
130 152 0.986063
130 389 6.731509
130 207 2.000291
130 332 0.356985
130 148 0.413075
130 446 0.094797
130 241 0.084880
130 280 0.398564
130 331 0.432203
131 438 0.189558
131 382 0.295901
131 499 0.113364
131 138 0.421052
131 466 14.067298
131 238 0.089195
131 190 0.178880
131 451 0.177666
131 140 14.498058
131 157 14.495949
131 287 12.153007
131 329 16.489232
132 304 0.521486
132 404 0.251418
132 427 0.039735
132 289 0.257945
132 133 2.557992
132 174 0.135550
132 413 0.280757
132 446 0.483283
132 281 0.283029
132 274 16.677826
132 291 4.514134
132 382 15.251414
132 392 5.427564
132 395 2.201529
132 464 13.139696
132 479 17.788747
133 325 0.169393
133 373 0.291593
133 403 0.074784
133 233 0.172398
133 342 0.319166
133 438 0.386929
133 175 0.286878
133 137 12.285567
133 249 1.644253
133 315 0.445744
133 382 16.017125
133 407 1.199774
133 479 13.289499
133 292 0.505250
133 139 0.205250
134 453 0.355985
134 315 0.293947
134 258 3.052752
134 260 13.513383
134 360 5.431269
134 321 0.087806
134 318 0.216927
134 144 0.418242
134 136 0.147090
134 284 0.126403
134 420 3.971786
134 192 14.944981
134 491 14.542562
134 481 0.483365
135 232 0.098186
135 396 0.363511
135 274 0.444286
135 411 0.161522
135 294 0.330466
135 137 0.223773
135 410 0.066119
135 475 0.239790
135 186 2.958909
135 265 1.147086
135 322 4.000386
135 376 12.588560
135 409 14.496990
136 206 0.084491
136 334 0.706510
136 218 0.336267
136 439 0.137689
136 140 0.572399
136 443 0.085856
136 198 3.199303
136 429 4.235579
136 485 0.537675
137 408 17.717604
137 211 13.077473
137 309 14.857717
137 355 16.096299
137 421 12.616824
137 183 14.588417
137 382 12.401095
137 437 14.292234
137 220 17.887103
137 291 16.031304
137 249 14.597148
137 365 15.926294
137 362 14.240845
137 406 14.831395
137 319 17.399003
137 407 16.811458
137 137 17.154652
137 430 0.529435
137 348 0.028874
137 397 0.045479
137 375 0.245599
137 381 0.732659
137 181 0.788415
137 269 0.625091
137 307 0.366261
137 399 0.856930
137 288 0.135804
137 440 0.084217
137 315 12.136625
137 392 13.393147
137 464 17.154759
137 496 15.800496
137 145 0.116660
138 433 0.239099
138 346 2.028933
138 150 1.253901
138 180 0.171668
138 413 2.281440
138 490 12.264353
138 469 0.436244
138 311 0.374383
138 171 0.359553
138 167 0.289231
138 459 0.377398
138 204 16.974062
138 497 0.260164
138 448 0.378285
139 487 0.331717
139 176 0.484634
139 324 0.143784
139 446 0.057407
139 460 0.225089
139 250 4.001190
139 159 14.809523
139 333 0.895188
139 356 7.361932
139 468 0.186036
139 270 0.444717
139 378 0.345274
139 320 0.095438
139 375 0.441602
139 186 0.581547
139 219 71.800167
140 313 0.035174
140 334 0.395881
140 404 0.026347
140 271 0.233052
140 344 0.164471
140 245 0.436278
140 353 13.635795
140 316 12.270977
140 329 14.797046
140 466 13.910240
140 303 12.422003
140 378 15.839639
140 148 13.591029
140 263 17.648811
140 364 12.629346
140 497 119.278931
140 157 12.976401
140 477 0.761278
140 422 0.102436
140 193 0.439624
140 169 0.341773
140 338 1.733564
140 365 0.183849
140 225 0.393286
140 374 0.158520
140 369 0.295656
140 325 1.082090
140 390 0.313833
140 468 0.098440
140 275 16.116052
140 161 13.565627
140 191 13.789235
140 380 12.739369
140 405 0.075016
140 167 0.847659
140 488 0.054500
141 206 0.819477
141 217 0.135686
141 298 0.326667
141 347 0.429386
141 160 5.300076
141 428 1.752873
141 354 5.771240
141 242 0.069849
141 255 0.000636
141 450 0.469336
141 476 0.442818
141 367 0.990940
141 270 0.349347
141 186 1.671750
141 226 2.317482
141 279 0.299405
141 280 0.446267
141 327 6.630888
142 390 15.488927
142 142 2.853208
142 194 1.307756
142 255 15.308561
142 262 0.250703
142 143 0.427463
142 266 0.494381
142 462 0.299104
142 257 0.227120
142 149 0.404321
142 411 0.332719
142 348 0.550586
142 191 0.414070
142 230 0.083500
142 440 0.183705
143 217 0.717513
143 357 2.404663
143 171 0.864725
143 154 5.585565
143 213 2.486505
143 421 0.254321
143 453 0.199215
143 452 0.290988
143 166 6.000000
143 431 5.639755
143 239 17.915498
143 368 2.616697
143 242 4.496528
143 182 0.235937
143 149 1.314885
143 277 0.231953
143 210 0.463912
143 160 0.314094
143 448 0.253615
144 288 0.066686
144 328 0.207222
144 182 0.231883
144 257 16.450695
144 397 17.167817
144 398 14.377347
144 149 16.604904
144 351 13.770012
144 435 16.009499
144 415 1.246626
144 163 0.174011
144 471 0.365113
144 440 0.103628
144 245 1.183429
144 270 104.073334
144 281 14.422864
144 332 12.029913
144 348 16.987316
144 448 0.372401
145 300 0.233856
145 384 0.189412
145 359 0.269388
145 425 0.320249
145 169 0.151901
145 204 0.266303
145 172 17.585151
145 225 15.553945
145 376 16.963896
146 366 0.066963
146 384 0.454276
146 383 15.110910
146 381 14.571552
146 418 14.856951
146 202 16.056855
146 176 17.203867
146 260 17.267306
146 187 17.622343
146 458 13.861461
146 180 12.716919
146 222 12.374528
146 413 13.345948
146 484 15.948365
146 323 13.101151
146 380 0.028750
146 477 0.281145
146 447 0.102078
146 388 0.217332
146 291 0.045514
146 376 0.990491
146 382 0.946060
146 152 0.072518
146 353 0.008241
146 345 0.008759
146 490 15.163967
146 491 17.221140
147 366 0.908676
147 415 0.433344
147 171 0.073169
147 346 130.549368
147 390 12.751517
147 282 0.406706
147 446 0.290961
147 474 0.397981
147 169 0.269358
148 252 0.284990
148 387 3.211407
148 161 6.501458
148 196 7.075191
148 497 1.399099
148 157 14.044826
148 218 1.096576
148 280 0.498993
148 469 0.474142
148 380 15.132213
148 169 3.515551
148 172 0.451141
148 301 0.119989
148 330 0.462809
149 361 0.662762
149 374 2.856727
149 417 0.569953
149 228 0.417339
149 216 0.303626
149 249 1.405689
149 406 0.097006
149 461 0.327674
149 166 1.555279
149 192 0.639662
149 257 12.921072
149 397 16.077018
149 343 13.884613
149 449 15.660146
149 411 17.004835
149 170 17.304218
149 351 16.040228
149 348 16.525535
149 324 13.126460
149 270 14.526319
149 360 0.314729
149 456 0.555718
149 395 0.390063
149 328 0.321500
149 189 0.620500
149 201 0.372258
149 237 0.494095
149 413 0.388058
149 469 0.792461
149 410 14.588564
149 162 0.472847
149 174 0.945128
150 369 0.430535
150 383 13.584188
150 240 5.042876
150 443 2.123820
150 155 0.058094
150 237 0.332839
150 331 0.297057
150 426 15.702105
150 192 16.347104
150 458 0.713298
150 222 13.907870
150 343 0.057407
150 303 0.231153
150 159 0.167770
150 358 0.308297
150 440 0.381396
151 200 2.259191
151 228 16.261633
151 457 0.310244
151 498 0.053742
151 260 0.639258
151 240 0.463840
151 377 1.512958
151 492 0.143467
151 153 0.289696
151 356 0.275831
152 412 1.040792
152 419 1.527465
152 309 7.974836
152 421 2.128357
152 183 1.075676
152 314 5.628274
152 496 5.505055
152 431 0.077952
152 476 0.392417
152 384 0.235264
152 366 0.111541
152 276 0.356887
152 482 0.330981
152 164 6.268277
152 461 4.705950
152 292 0.100013
153 483 0.083478
153 341 0.213874
153 490 0.549722
153 157 0.441458
153 414 1.979810
153 498 0.219413
153 448 0.589752
153 459 6.690479
153 204 0.136631
153 316 0.857146
153 347 0.290059
153 267 0.364645
153 292 0.280382
153 374 0.166523
153 327 5.202521
153 485 7.679364
154 285 0.376738
154 213 0.255586
154 355 0.274232
154 412 0.164278
154 431 5.004311
154 426 0.259080
155 325 0.454495
155 361 0.499948
155 427 0.536286
155 355 0.194185
155 464 1.913322
155 484 0.485597
155 490 0.205781
155 275 0.256837
155 294 2.194990
155 210 5.247060
155 498 1.021535
156 200 0.255329
156 281 0.732541
156 303 0.183683
156 460 0.141744
156 188 1.531437
156 264 1.133436
156 186 1.806136
156 158 0.193043
156 265 4.379491
156 387 0.103610
156 367 0.343934
156 369 0.166383
156 432 0.420084
156 270 3.398850
156 220 0.135741
156 172 15.671197
156 198 1.158810
156 307 0.869986
156 322 1.496221
157 214 0.253058
157 285 0.795702
157 447 0.219464
157 387 13.270893
157 263 15.878437
157 380 17.700257
157 162 13.108622
157 175 15.735876
157 168 0.308573
157 481 0.931573
157 260 1.441408
157 255 0.098416
157 498 0.636074
157 370 2.129141
157 207 0.564091
157 414 12.752014
157 287 16.732372
157 191 17.032218
157 160 0.427074
158 480 0.313431
158 418 0.257217
158 491 0.094611
158 457 0.275657
158 398 0.370378
158 236 0.210854
158 447 0.263511
158 219 14.554632
158 358 2.314619
159 178 0.070701
159 197 0.158702
159 406 1.426964
159 272 1.024478
159 298 0.058015
159 247 12.391972
159 174 16.678289
159 423 15.334714
159 219 13.539957
159 494 14.548475
159 226 15.402592
159 262 13.655210
159 403 0.073353
159 369 0.562430
159 345 0.053250
159 278 0.005407
159 349 0.479666
159 491 1.180209
159 443 0.928903
159 186 14.015377
159 409 17.397477
160 432 0.369786
160 274 0.708593
160 464 2.433000
160 242 0.387914
160 260 0.755480
160 481 2.008650
160 240 0.486911
160 210 0.358389
160 405 0.345974
161 227 0.125575
161 361 0.213611
161 378 1.267917
161 290 1.374511
161 303 6.000000
161 414 16.213428
161 380 14.817149
161 191 13.907741
161 407 0.134369
161 377 1.650262
161 276 0.441651
161 219 0.221946
161 252 0.143497
161 425 13.589253
161 316 14.356877
161 329 15.742495
161 186 0.063737
162 334 0.571587
162 239 0.155434
162 414 15.087928
162 387 1.170493
162 287 15.607529
162 431 0.320405
162 187 0.445613
162 466 16.950202
162 272 0.246945
162 294 0.348270
163 462 0.235211
163 489 0.136748
163 312 0.105376
163 197 4.710230
163 274 15.932864
163 479 14.331215
163 305 0.122020
164 355 4.888212
164 217 17.801006
164 321 1.179980
164 220 4.282730
164 318 4.479325
164 267 0.406508
164 497 0.286902
164 215 0.161961
164 457 0.489011
164 243 0.395282
164 314 3.338907
164 393 2.802921
164 338 0.304693
164 390 1.119354
164 270 0.724770
164 276 0.492239
165 369 0.295764
165 289 0.199169
165 309 0.404598
165 491 0.057769
165 281 0.577818
165 401 3.835089
166 312 0.128102
166 334 0.968558
166 350 0.146815
166 261 0.449800
166 239 17.532071
166 213 6.000000
166 484 0.189737
166 258 0.468710
166 171 21.132408
166 341 0.621191
166 474 6.000000
166 209 3.701929
166 405 0.054283
166 376 0.009746
167 317 0.445021
167 499 0.463322
167 255 1.573282
167 360 0.258270
167 347 14.580327
167 405 15.095074
167 250 0.470519
167 485 0.227026
167 223 0.438513
167 460 16.754388
167 205 12.137044
168 396 0.124016
168 174 0.996432
168 330 6.000000
168 371 0.679911
168 333 5.239357
168 258 0.361843
168 469 0.182992
168 470 0.358045
168 395 0.384703
168 172 17.405745
168 241 2.939352
169 355 0.130496
169 362 0.166797
169 258 0.072738
169 414 8.787403
169 256 2.716734
169 169 2.364412
169 181 2.419403
169 294 6.560001
169 253 4.283426
169 201 2.216351
169 211 0.087828
169 451 0.311143
169 173 0.740514
169 205 12.270968
170 283 0.156950
170 200 0.439501
170 238 0.443217
170 418 0.358920
170 458 0.156389
170 257 13.716177
170 270 12.637232
170 410 13.577164
170 232 0.203094
170 478 0.071122
170 298 0.339771
170 311 6.000000
170 332 13.920935
170 348 98.352234
170 294 0.350030
171 236 0.039646
171 366 0.034018
171 239 12.077287
171 338 0.927698
171 368 6.000000
171 244 5.284019
171 474 0.809698
171 384 3.639618
171 486 0.617637
171 270 0.648609
171 285 0.208361
171 280 0.054596
171 493 0.342658
171 341 2.367768
171 209 0.247432
171 429 0.363563
172 236 0.366340
172 304 1.040135
172 320 1.447187
172 274 0.504492
172 349 0.115835
172 491 0.116022
172 410 0.151068
172 481 14.650531
172 226 17.355536
172 356 17.684411
172 459 15.794428
172 327 15.262328
172 331 14.899842
172 199 16.274223
172 497 1.377062
172 238 0.090179
172 312 0.816250
172 425 0.445989
172 344 0.057641
172 352 1.520474
172 351 0.258519
172 225 12.149816
172 394 17.467555
173 382 0.188088
173 412 0.267028
173 425 0.204064
173 405 12.450205
173 337 6.473537
173 298 0.748116
173 256 2.101588
173 446 2.941443
173 201 0.731051
173 300 0.288142
173 232 0.164888
173 178 0.222451
173 329 0.187707
173 181 6.971644
173 488 3.049205
174 296 0.248276
174 271 0.195313
174 258 0.054687
174 204 0.541684
174 277 0.098540
174 210 0.081193
174 436 0.234891
174 225 16.917554
174 247 1.625409
174 354 0.708209
174 376 14.347416
175 234 0.347134
175 403 0.477923
175 490 0.186331
175 275 2.757993
175 425 16.547106
175 414 14.264988
175 355 0.480142
175 242 0.302667
175 231 0.499029
175 183 0.095287
175 487 0.317741
175 329 17.875397
175 380 12.820425
175 256 0.092625
175 225 0.884801
176 313 0.112788
176 430 0.424418
176 426 13.250108
176 240 1.773927
176 434 4.837864
176 258 5.635848
176 292 17.440312
176 465 1.747183
176 177 5.907869
176 445 0.156723
176 453 0.133250
176 296 0.394335
176 355 0.291888
176 285 0.490760
176 288 0.750317
176 490 17.751387
176 485 0.419688
177 284 0.241595
177 288 0.040218
177 345 0.104849
177 326 0.374725
177 359 2.798332
177 420 7.286258
177 374 0.196116
177 354 0.377645
177 192 12.491733
178 232 0.390041
178 389 5.493791
178 274 16.764080
178 237 12.029813
178 197 6.120024
178 284 0.174679
178 342 0.343547
178 472 0.266585
178 195 7.046521
178 217 12.645609
178 218 7.070024
178 314 5.730758
178 326 14.144787
178 479 17.166508
178 499 4.510654
178 281 0.796365
178 230 0.366506
179 274 0.352045
179 382 1.450848
179 222 0.345728
179 281 17.874124
179 410 12.805191
179 185 0.106385
179 389 0.055012
179 311 3.254082
179 332 16.387561
179 348 12.066591
179 351 17.585115
180 464 0.411087
180 474 0.387738
180 292 12.352409
180 383 15.921394
180 418 7.061816
180 295 0.063709
180 459 0.119292
180 204 13.138345
180 207 15.777899
180 263 0.481422
180 416 1.680152
181 232 0.463461
181 200 0.464618
181 293 0.077255
181 492 0.597197
181 337 2.018720
181 446 0.957548
181 416 0.060721
181 294 6.876625
181 463 0.214818
181 399 0.210989
181 330 0.331068
181 248 0.456481
181 196 0.057269
182 318 0.394941
182 242 0.236301
182 292 12.029583
182 458 1.570451
182 222 15.693458
182 448 0.322814
182 363 0.136535
182 207 17.241790
182 230 0.308398
182 280 0.205675
183 495 6.130579
183 480 4.100250
183 386 0.284561
183 210 0.244198
183 274 17.738782
183 326 12.174083
183 458 0.404554
183 394 0.633351
184 258 4.196057
184 381 6.000000
184 235 98.591454
184 353 0.321008
184 229 0.388724
184 414 0.005564
184 332 1.413388
184 192 17.935354
184 222 13.936688
184 191 0.148051
184 269 0.433984
185 296 0.281331
185 417 0.436716
185 238 0.489720
185 278 0.122257
185 335 0.209693
185 260 13.964926
185 426 15.033588
185 443 7.890298
185 414 0.490642
185 391 0.163029
186 232 0.155728
186 427 0.097458
186 315 0.143706
186 482 0.131479
186 187 0.423761
186 332 1.460454
186 219 15.064551
186 333 0.160082
186 385 6.895229
186 362 4.693963
186 202 0.073573
186 372 0.085784
186 413 0.373834
186 412 0.251808
186 307 2.813530
186 322 0.632026
187 308 0.355274
187 379 0.082249
187 412 0.186892
187 292 124.243868
187 359 4.523397
187 420 22.840212
187 380 0.016932
187 458 0.653657
187 247 0.143711
187 356 0.154552
188 296 0.463781
188 323 0.077208
188 360 0.105205
188 190 0.170533
188 257 0.109823
188 348 0.973189
188 405 0.302814
188 364 0.286116
188 225 14.952271
188 376 15.116265
189 367 0.318247
189 415 0.419103
189 393 1.531131
189 195 0.236059
189 319 2.176355
189 339 7.277240
189 200 0.416188
189 302 0.220078
189 427 0.163017
189 217 12.638517
189 237 13.692780
189 318 1.189464
189 479 12.706209
189 338 0.099329
189 255 0.041917
189 287 0.910638
189 446 0.366986
190 317 0.147333
190 479 16.406534
190 260 17.440753
190 426 17.719303
190 306 0.248505
190 491 13.854512
190 266 0.299442
191 432 0.585405
191 246 0.451750
191 389 0.974763
191 393 0.209476
191 490 0.061578
191 410 0.516600
191 263 17.184490
191 275 12.524069
191 466 16.030885
191 329 15.833549
191 497 13.713025
191 287 12.549152
191 387 93.030526
191 414 12.642098
191 425 17.322484
191 196 17.080192
191 262 0.363977
191 309 1.273934
191 253 0.218903
191 464 0.331099
191 369 0.375728
191 213 1.019816
191 394 0.718775
191 323 0.009100
191 409 0.045982
192 258 13.595136
192 260 17.640442
192 413 12.697633
192 231 12.102425
192 434 15.743667
192 439 15.845018
192 458 14.601949
192 245 12.200956
192 465 12.424457
192 360 16.355937
192 209 17.615573
192 192 13.485739
192 208 0.100733
192 297 1.420446
192 205 0.090465
192 239 0.739983
192 392 0.287491
192 416 0.635652
192 344 0.251951
192 204 16.135965
192 342 0.283740
193 495 0.443122
193 434 0.408013
193 405 1.655879
193 253 0.470197
193 391 5.355070
193 282 0.743171
193 333 5.187797
193 297 5.787011
193 473 2.843276
193 449 0.269408
193 403 0.141803
193 278 0.204030
193 310 0.277429
193 409 13.184429
193 485 1.447902
194 390 15.890728
194 233 1.216389
194 221 0.181189
194 328 0.733461
194 346 123.649094
194 252 2.689892
194 255 13.656161
194 491 0.188310
194 277 0.429507
195 291 1.377930
195 217 17.005002
195 321 5.683353
195 371 0.330123
195 378 0.312289
195 299 0.489903
195 483 0.429092
195 344 0.311324
195 218 1.466323
195 261 2.760834
195 314 1.994579
195 319 3.748715
195 362 17.497403
195 332 0.146247
196 300 0.495173
196 304 0.705139
196 263 2.421868
196 287 13.820207
196 316 16.515462
196 387 6.111617
196 275 1.462631
196 395 0.403197
196 422 0.161839
196 496 0.195530
196 256 0.478694
196 329 13.662253
196 356 0.362253
196 467 0.335247
197 373 0.481883
197 363 0.657473
197 217 14.865519
197 274 13.566579
197 266 0.451464
197 268 0.281603
197 306 0.112727
197 216 6.000000
197 218 5.361483
197 261 1.426325
197 339 5.812666
197 382 17.789660
198 315 0.056518
198 363 0.105731
198 490 0.574325
198 245 0.207224
198 380 0.495665
198 385 7.838459
198 323 0.448840
198 347 0.617308
198 252 0.476023
198 207 0.742977
198 329 0.523345
198 215 4.081475
198 441 4.331685
199 367 0.462629
199 408 0.142380
199 316 1.099107
199 416 1.502161
199 451 0.117245
199 219 14.983612
199 241 1.332453
199 358 2.805449
200 271 5.706210
200 200 1.174073
200 344 2.125621
200 372 0.320069
200 350 3.047305
200 228 16.871798
200 377 7.364249
200 346 0.012228
200 349 0.275421
200 398 0.430677
200 410 0.630599
200 219 0.013922
200 428 0.115517
200 448 0.447477
201 288 0.010146
201 486 0.306612
201 275 0.104203
201 425 1.692740
201 294 1.793013
201 337 3.480009
202 284 0.192578
202 323 3.308042
202 426 12.915079
202 384 0.157965
202 455 0.274262
202 253 0.236375
202 270 0.779671
202 347 0.801567
203 374 0.117290
203 293 0.357347
203 383 0.364197
203 268 7.497258
203 205 13.651569
203 230 2.591319
203 460 13.743986
203 478 1.893237
203 409 0.722360
203 473 0.335497
203 271 0.110141
203 471 0.318463
203 321 0.080502
203 254 0.435660
203 270 1.329591
203 224 1.245422
203 225 0.615527
203 269 0.435696
204 366 0.058823
204 375 1.285947
204 237 0.041784
204 476 0.479090
204 434 16.705385
204 458 13.223186
204 235 15.984503
204 204 12.773872
204 240 13.240579
204 251 15.674244
204 360 16.180251
204 306 0.177866
204 276 1.164113
204 425 0.294110
204 435 0.438384
204 408 0.047295
204 293 0.384461
204 490 15.081003
204 491 112.885591
204 414 0.002579
204 409 1.002180
205 259 0.562141
205 479 0.521601
205 239 0.376099
205 266 13.265067
205 298 14.581295
205 347 12.787405
205 460 14.502258
205 205 16.942301
205 405 16.521521
205 416 17.134503
205 446 16.593468
205 478 12.883335
205 388 16.040670
205 402 16.248478
205 455 17.523638
205 492 13.123380
205 268 12.871981
205 277 16.163782
205 443 1.621552
205 211 0.174411
205 273 0.059394
205 378 1.994859
205 348 0.651627
205 499 0.393985
205 280 0.553189
205 225 0.062799
205 367 0.684741
205 377 0.456774
205 485 0.245036
206 372 13.298338
206 369 15.135441
206 288 13.075242
206 379 16.753845
206 483 12.919092
206 404 15.171204
206 417 16.691923
206 206 13.875515
206 212 14.227445
206 299 12.080642
206 468 17.611907
206 311 0.297611
206 462 14.660228
206 363 0.186418
206 457 0.151435
206 331 0.251876
206 452 0.301843
207 274 0.040470
207 260 16.237351
207 359 17.536261
207 463 13.701506
207 418 15.559995
207 292 14.076382
207 231 14.549400
207 420 15.770473
207 240 17.456606
207 439 16.636574
207 323 13.050984
207 294 0.995751
207 478 0.120777
207 281 0.623237
207 340 0.198942
207 482 1.229803
207 491 12.533319
207 337 1.409261
207 394 1.388748
208 222 0.858613
208 437 0.762296
208 370 0.221171
208 241 1.707593
208 322 0.908594
208 409 13.607273
209 487 0.096763
209 431 0.164147
209 292 17.363691
209 426 16.067801
209 223 1.414105
209 250 0.494851
209 449 0.152308
209 210 0.361868
210 341 0.406496
210 239 0.309888
210 411 0.271135
210 298 3.161968
210 347 14.104686
210 266 6.754190
210 256 6.779632
210 210 3.134584
210 329 0.976024
210 301 0.137709
210 230 7.460469
211 227 0.433547
211 386 0.318086
211 392 5.103447
211 338 0.094333
211 224 0.309738
211 420 0.395260
211 274 14.069395
211 293 1.868950
211 382 13.358144
211 436 0.424676
211 397 0.002820
211 414 0.049840
212 468 2.124583
212 415 1.461474
212 295 3.386079
212 367 17.654998
212 340 4.049373
212 374 1.232300
212 248 1.092823
212 373 17.839092
212 442 4.853370
212 232 0.293923
212 289 0.410893
212 476 0.091791
212 237 1.364167
212 470 0.070727
212 370 5.999161
212 433 13.020517
212 314 0.320982
212 495 0.157480
212 266 0.328419
212 219 0.849757
213 312 0.131153
213 373 0.349890
213 384 7.911231
213 239 12.939829
213 357 3.013749
213 279 0.364867
213 332 0.394915
213 421 0.142057
213 341 4.337453
213 474 0.962484
213 476 1.215135
213 255 0.565764
213 329 1.472479
213 466 4.214924
213 376 0.241032
214 232 2.568889
214 296 0.888018
214 369 1.009347
214 288 13.657036
214 308 19.722164
214 386 2.180721
214 438 5.848117
214 449 0.180931
214 482 0.098546
214 299 1.650949
214 317 2.358311
214 257 3.000000
214 414 0.671678
214 241 0.452043
215 236 0.014470
215 494 1.066393
215 401 4.850340
215 327 1.305442
215 322 1.089713
215 247 3.012673
215 297 0.277242
215 491 1.651107
215 256 0.426637
215 439 0.103353
215 398 0.385884
215 368 0.198199
215 442 0.193179
215 225 15.542080
215 394 14.924560
215 456 5.904388
216 421 4.354814
216 495 1.299272
216 382 17.418653
216 289 2.915131
216 216 2.276048
216 315 0.770060
216 499 7.699042
216 238 0.121028
216 299 0.370775
216 448 0.493735
216 354 0.474666
216 443 0.467219
216 388 0.259179
216 326 12.764009
216 292 0.276187
217 288 0.066857
217 300 0.458558
217 304 1.753121
217 408 12.307051
217 487 17.795826
217 480 15.185758
217 309 12.170242
217 400 120.659355
217 362 16.234236
217 339 17.287542
217 442 0.171232
217 394 0.971702
217 431 1.169866
217 370 0.602867
217 375 0.469841
217 463 0.007872
217 327 0.945486
217 261 12.272961
217 314 14.254233
217 496 14.240928
217 272 1.191514
217 460 0.188109
217 297 0.604692
218 407 6.064997
218 278 5.821372
218 339 6.853846
218 293 6.132610
218 395 0.711385
218 477 7.795765
218 400 4.229562
218 302 0.400660
218 222 0.587736
218 340 0.186548
218 399 0.110047
218 423 0.188043
218 287 0.832727
218 461 0.107544
218 464 14.653885
218 230 0.222736
218 401 0.251212
219 490 0.194415
219 333 17.609744
219 385 16.784022
219 265 15.131170
219 354 14.171580
219 391 15.602439
219 456 16.544281
219 241 13.038964
219 301 15.518757
219 424 15.663185
219 459 14.533906
219 322 15.172648
219 373 0.132710
219 421 1.558491
219 305 0.145827
219 491 0.012094
219 464 0.089345
219 469 1.078634
219 451 0.014321
219 317 0.083881
219 348 0.297492
219 485 15.575267
220 313 0.154965
220 377 0.325147
220 487 2.997929
220 464 12.479292
220 315 4.625224
220 408 0.781015
220 308 0.110591
220 302 0.454711
220 429 0.391308
220 329 0.675418
220 291 2.147110
220 309 1.570163
220 314 2.544513
220 479 17.127279
220 257 0.863724
220 282 0.098469
221 237 0.845157
221 341 0.216556
221 346 13.061375
221 437 0.318183
221 281 0.918733
221 249 0.445110
221 310 0.096582
221 434 0.162914
221 270 1.192369
221 498 0.182774
222 233 0.259942
222 426 14.668902
222 465 17.191534
222 490 13.978866
222 484 12.604436
222 418 12.868310
222 458 12.481930
222 231 12.914145
222 295 0.126826
222 352 1.194286
222 384 0.238534
222 327 0.576009
222 329 0.117383
222 232 0.320284
222 491 14.324812
222 447 2.385814
222 351 0.218352
222 262 0.795289
222 394 0.515459
222 428 0.592323
223 258 2.390072
223 260 15.820941
223 426 14.145497
223 360 1.323283
223 490 13.466097
223 463 2.297412
223 245 4.261562
223 469 1.370840
223 366 0.928944
223 457 0.300737
223 406 0.055356
223 496 0.262679
223 409 0.193601
223 324 0.085760
223 343 0.403522
224 243 0.138380
224 278 0.343983
224 314 0.221608
224 387 0.077220
224 272 0.836182
224 266 4.588499
224 446 6.766957
224 492 3.711194
224 337 5.962885
224 336 0.215561
224 356 0.186791
224 373 0.158515
224 474 0.093255
224 431 0.057888
224 250 0.473104
224 498 1.955621
225 393 0.286080
225 226 16.059649
225 401 17.345998
225 394 15.023590
225 333 13.362148
225 424 14.672523
225 371 16.831926
225 342 15.748347
225 271 1.260812
225 244 0.134485
225 300 0.278974
225 387 0.032006
225 417 0.126452
225 370 0.395991
225 482 1.305582
226 468 0.349892
226 309 0.414352
226 310 0.273613
226 308 0.070046
226 258 0.492587
226 231 0.468404
226 327 6.000000
226 448 0.806537
227 299 6.167987
227 259 2.383785
227 367 12.050941
227 396 1.816524
227 345 2.401528
227 295 5.596775
227 340 1.915710
227 289 0.345928
227 286 1.170440
227 304 12.065232
227 313 3.828820
227 325 5.214950
227 361 1.462545
227 235 0.968339
227 405 0.092478
228 312 1.292477
228 433 0.118388
228 246 13.683330
228 228 14.394992
228 306 17.004345
228 453 15.381535
228 238 12.894662
228 418 0.128068
228 353 0.525683
228 395 1.026201
228 394 3.543606
228 377 14.005181
228 261 0.280726
228 254 0.173215
228 255 0.937625
228 323 0.152397
229 326 0.174327
229 408 0.448195
229 461 0.499453
229 381 0.339188
229 347 14.891363
229 446 1.611977
229 418 0.158639
229 407 0.329603
229 454 0.100393
229 307 0.160393
229 452 0.391127
230 366 0.284815
230 458 0.416237
230 273 0.096314
230 351 0.669584
230 277 1.681453
230 347 15.127778
230 457 0.480559
230 473 0.221932
230 356 0.487678
230 493 5.139589
231 361 0.340061
231 382 0.026059
231 381 0.480808
231 487 0.268346
231 417 1.638016
231 490 12.837533
231 343 0.060681
231 331 0.393929
232 310 0.935402
232 299 1.746563
232 334 16.160001
232 300 6.481293
232 295 0.616987
232 361 7.137540
232 325 2.498174
232 432 0.915053
232 250 0.238449
232 236 14.879902
232 284 7.896221
232 286 65.175980
232 367 14.099432
232 359 0.055992
232 491 0.215011
232 348 0.977873
232 441 0.488106
233 243 0.421384
233 344 0.159359
233 346 14.953018
233 370 0.109035
233 485 0.096180
233 436 0.360738
233 249 0.228710
233 496 0.099934
233 340 0.237597
233 255 12.000899
233 426 0.207490
233 276 0.075706
234 483 0.767425
234 433 16.771508
234 288 17.278038
234 399 7.208051
234 285 1.977751
234 304 14.119539
234 430 0.272157
234 374 4.855171
234 345 2.733069
234 358 0.268521
234 495 0.181559
234 257 0.154922
234 282 0.469772
234 313 0.759282
234 320 7.092812
234 366 16.430442
234 367 17.798593
234 462 1.988516
234 261 0.319870
234 376 0.540856
235 308 0.186250
235 340 0.006608
235 370 0.086595
235 238 0.114217
235 341 0.107476
235 258 15.160087
235 360 17.141645
235 443 14.884503
235 491 13.002042
235 420 15.608837
235 323 12.781124
235 359 17.599241
235 235 17.610043
235 345 0.345102
235 399 0.519389
235 478 0.028859
235 259 0.046754
235 257 0.851966
235 237 0.888065
235 492 0.179880
236 334 17.072012
236 472 12.898084
236 304 14.074299
236 325 14.170267
236 308 16.732817
236 442 17.909821
236 243 17.317214
236 483 14.611119
236 296 14.256473
236 444 14.280218
236 283 12.696298
236 370 14.684190
236 386 15.368019
236 396 12.254237
236 236 14.806822
236 375 14.726895
236 461 0.168730
236 331 0.738266
236 467 0.538797
236 259 13.999810
236 366 14.381721
236 379 12.975818
236 348 0.405530
237 366 0.217336
237 475 14.678442
237 309 14.534037
237 477 13.831599
237 487 12.118520
237 339 17.662292
237 319 15.558069
237 291 17.805087
237 363 14.875901
237 382 15.503574
237 408 13.625585
237 481 0.217078
237 416 0.254969
237 381 1.973424
237 398 0.251927
237 342 0.928372
237 329 0.870075
237 489 0.450220
238 271 2.104566
238 453 3.096711
238 306 0.351730
238 246 4.738054
238 377 1.836515
238 323 0.089510
238 436 0.463308
238 458 0.095011
239 361 0.347928
239 341 16.027917
239 486 15.890638
239 482 13.288805
239 239 15.459096
239 474 13.598854
239 431 15.614346
239 338 15.004153
239 368 15.725548
239 352 15.628324
239 384 13.423478
239 242 13.853194
239 357 16.294471
239 244 14.365190
239 328 0.500252
239 294 0.239593
239 400 0.852140
239 410 0.615167
239 444 0.033867
239 378 0.198882
239 485 1.926459
240 373 0.137717
240 486 0.183971
240 292 15.404394
240 383 17.512248
240 426 12.156284
240 458 5.100897
240 491 12.132443
240 348 0.069117
241 453 0.336029
241 346 0.141142
241 478 0.139357
241 381 0.284353
241 401 5.673547
241 440 4.112232
242 365 0.260759
242 384 3.664197
242 352 1.654540
242 338 0.393209
242 461 0.309406
242 255 0.253213
242 257 1.585647
242 329 0.548604
242 268 0.242879
242 253 0.056624
243 375 0.718495
243 367 109.144961
243 286 1.676750
243 442 42.610364
243 296 2.301556
243 414 0.813487
243 315 0.119534
243 304 17.013064
243 313 7.260364
243 325 0.914336
243 366 14.266827
243 373 12.203310
243 321 0.208003
243 254 0.054620
244 430 0.388444
244 468 0.152965
244 326 1.362243
244 341 2.522259
244 476 0.791459
244 368 4.181692
244 252 0.187815
244 360 0.352657
244 490 1.703736
244 263 0.224578
244 424 0.437181
245 421 0.151669
245 258 0.874374
245 260 16.805611
245 426 13.210171
245 491 16.029048
245 356 0.252416
245 289 0.257359
245 410 0.811218
245 263 0.380347
246 350 7.442101
246 271 5.115145
246 467 0.263881
246 262 0.348488
246 377 4.776755
246 401 0.192241
247 314 0.188295
247 481 3.461108
247 331 4.498188
247 274 0.062150
247 382 0.142387
247 276 3.749857
247 429 0.669639
248 430 4.696775
248 404 7.728044
248 444 7.228418
248 317 3.509947
248 320 2.243529
248 386 5.248174
248 373 16.553493
248 445 5.978371
248 366 12.700155
248 497 0.332952
248 475 0.479166
248 449 0.115504
248 390 0.644518
248 308 4.236177
248 374 1.857020
248 379 1.751602
248 433 16.193876
248 274 0.421306
248 297 0.176805
249 483 0.238491
249 464 12.426167
249 499 3.017776
249 278 2.106718
249 471 0.151494
249 410 0.249839
249 274 15.288204
249 291 4.204714
249 355 0.318851
249 382 14.872275
249 389 4.717874
249 287 0.514567
250 288 0.221570
250 308 0.179157
250 260 0.856393
250 443 0.219301
250 398 0.280851
250 405 0.169203
250 252 0.244953
250 479 1.137816
250 262 1.749672
250 376 14.281100
250 481 5.073886
251 399 0.257683
251 339 0.169449
251 258 0.696339
251 260 17.889387
251 484 2.777288
251 473 0.168160
251 274 0.554162
251 334 0.460694
251 324 0.148893
251 287 0.417987
251 456 0.480746
252 313 0.417612
252 328 5.492052
252 346 15.168881
252 267 2.698238
252 390 13.629784
252 361 0.120981
252 311 0.246511
252 265 0.438981
253 362 0.605229
253 347 17.889925
253 488 0.419487
253 492 5.763350
253 268 0.570016
253 426 0.021115
253 461 0.368165
253 448 0.339960
254 274 0.168101
254 407 0.118672
254 431 6.505879
254 486 2.318873
254 338 25.839176
254 298 0.198543
254 463 0.218865
254 424 0.351666
254 349 0.178360
254 434 0.229770
254 410 0.543624
254 425 0.182045
255 299 0.546725
255 345 0.231510
255 392 0.285336
255 346 13.558234
255 454 16.050689
255 305 15.582861
255 335 17.049299
255 267 12.493246
255 328 16.474520
255 349 133.057769
255 255 15.869588
255 496 0.538425
255 483 0.333203
255 352 0.137501
255 418 0.180914
256 296 0.289715
256 372 0.150611
256 432 0.340108
256 466 0.327354
256 272 2.061544
256 266 6.958967
256 347 16.121156
256 405 12.460162
256 460 17.362028
257 271 0.098988
257 398 12.817461
257 351 12.539833
257 348 16.029842
257 410 17.630196
257 450 13.551773
257 411 17.890046
257 397 14.727020
257 324 14.266789
257 281 13.603435
257 343 15.630585
257 257 12.748734
257 435 14.522628
257 273 16.377686
257 406 1.282112
257 357 0.851269
257 362 2.073510
257 268 1.428150
257 459 0.527339
257 355 0.795494
257 325 0.384764
257 278 0.564456
257 447 13.057812
258 434 0.966497
258 295 0.249170
258 406 0.486750
258 357 0.256387
258 383 13.811007
258 426 13.392361
258 490 17.886181
258 414 0.017049
259 468 2.986337
259 417 7.915148
259 427 13.026080
259 334 14.252287
259 488 0.115598
259 303 0.298110
259 288 16.318746
259 304 15.423336
259 313 1.081560
259 366 14.286373
259 462 1.137710
259 321 0.099952
259 327 0.273282
260 475 0.221645
260 359 17.953489
260 443 17.413045
260 416 0.260659
260 419 0.924808
260 288 0.075440
260 455 0.312743
260 261 1.729473
260 323 15.269794
260 360 17.020932
260 418 13.204483
260 426 14.385760
260 490 15.055496
260 491 16.815006
260 303 0.516796
260 282 0.455729
260 409 0.780975
261 367 1.444713
261 375 0.131229
261 382 16.067132
261 293 7.656278
261 291 1.637148
261 401 0.294209
261 274 13.934437
261 318 2.081494
261 326 13.016274
261 362 17.836582
261 479 16.289262
262 320 0.298393
262 269 4.923597
262 404 0.493795
262 380 0.251370
262 376 16.016218
263 466 14.332809
263 275 7.150909
263 303 5.779471
263 316 14.615873
263 380 16.989284
263 282 0.278857
263 478 0.432200
263 444 0.348869
263 433 0.948413
263 329 14.220874
263 428 0.475010
264 455 0.422331
264 331 0.598815
264 456 5.481687
264 489 4.207605
264 269 1.348063
264 399 0.274527
264 433 0.260413
264 480 0.095338
264 483 0.083459
264 376 15.738906
264 394 12.926368
264 401 3.303923
264 448 3.371444
265 407 0.377448
265 431 0.435071
265 405 1.500993
265 447 0.439514
265 266 2.553980
265 453 0.487862
266 405 14.203915
266 340 0.303376
266 332 0.260112
266 272 0.650422
266 347 14.221429
266 376 0.784488
266 391 0.296168
267 432 0.337526
267 433 0.276379
267 305 1.276044
267 349 2.653566
267 405 0.350298
267 485 0.241654
267 402 0.271174
267 454 4.063132
267 446 0.101040
267 356 0.221900
267 441 0.365801
268 382 0.413115
268 475 0.321574
268 332 0.800292
268 303 0.192487
268 283 0.315300
268 301 0.116580
269 437 0.469352
269 311 0.361627
270 397 17.162955
270 343 17.270434
270 273 16.751884
270 410 12.040798
270 281 16.064330
270 411 17.390308
270 449 17.683165
270 398 12.792128
270 385 0.056250
270 445 0.066253
270 399 0.438234
270 371 0.082041
270 476 0.169971
270 332 13.119399
270 348 13.606807
270 307 0.237563
270 322 0.421684
271 377 0.708716
271 453 7.283175
271 306 1.139631
271 347 0.271639
271 287 0.623742
271 344 5.376843
271 476 0.428322
271 328 0.138614
272 304 4.970913
272 345 0.298934
272 366 0.836826
272 293 0.334394
272 460 13.498328
272 498 0.618597
272 402 4.595237
272 478 1.582357
272 274 0.943909
272 420 1.338153
272 294 3.025760
272 298 5.666857
272 470 4.224420
273 288 0.048317
273 433 0.113733
273 464 0.704987
273 431 0.407085
273 447 6.323073
273 310 0.300875
273 428 0.138931
273 443 0.281278
273 348 14.936396
273 481 0.334575
274 462 1.275481
274 461 14.862680
274 437 14.287605
274 274 17.036758
274 321 14.041865
274 291 15.892323
274 400 17.317802
274 278 17.349168
274 293 12.030621
274 495 15.842998
274 419 12.326039
274 468 0.442292
274 369 0.214729
274 327 0.015658
274 387 1.001092
274 438 0.274073
274 319 17.960472
274 389 13.184955
274 464 14.467580
274 384 0.909227
274 383 0.635333
274 466 0.118323
274 470 0.053194
274 356 0.038491
275 433 0.401689
275 395 0.115248
275 464 0.043486
275 414 16.322792
275 425 14.079027
276 458 0.126379
276 350 0.348923
276 381 0.146880
276 297 1.968568
276 376 17.706727
277 310 0.434694
277 472 0.439539
277 484 0.425061
277 347 13.587242
277 277 6.901208
277 492 5.674915
277 417 0.186323
277 435 0.216605
277 294 7.115863
277 409 0.134043
278 458 0.110891
278 386 0.217013
278 479 13.464838
278 394 0.026384
278 489 0.232518
279 466 0.365480
279 380 0.039049
279 487 0.122763
279 393 0.285197
279 448 4.921530
280 357 0.271072
280 418 0.374922
280 327 6.039588
281 398 16.108187
281 343 17.179761
281 348 12.184472
281 351 14.816963
281 474 0.049323
281 463 0.809676
281 464 0.370540
281 289 1.044165
281 497 0.546435
281 422 0.308019
281 311 12.538611
281 324 16.167808
281 332 14.704055
281 298 2.500862
281 282 0.115806
281 322 0.605887
281 394 0.781588
282 367 1.033709
282 360 0.346339
282 491 0.134165
282 356 6.676930
282 485 3.082614
283 286 1.156557
283 472 2.047347
283 288 14.372067
283 366 12.504981
283 300 5.679006
283 283 1.678636
283 339 0.089793
283 367 16.441109
283 415 2.244322
283 408 0.446348
283 332 0.233537
283 307 0.334218
284 367 15.560084
284 284 0.755346
284 410 0.121758
284 285 7.790242
284 313 5.585582
284 379 3.724223
284 396 4.038279
284 415 2.522790
284 427 15.039425
284 314 0.057948
284 456 0.063976
285 288 13.289795
285 438 7.226258
285 300 1.421883
285 452 0.264990
285 366 14.970744
285 427 15.807926
285 432 1.935065
285 433 17.003675
285 350 0.397794
286 296 1.907420
286 313 1.549332
286 304 14.110739
286 430 1.079437
286 350 0.436505
286 397 0.062978
286 288 13.268874
286 366 14.742571
286 369 2.208011
286 373 12.695083
286 427 17.001063
286 326 0.167219
286 443 0.266795
287 420 0.339981
287 414 17.354683
287 480 0.697512
287 450 0.002072
287 475 2.654862
287 380 15.031631
287 297 0.024693
287 376 0.448996
287 401 1.176550
288 386 17.981856
288 445 14.025289
288 374 13.537703
288 444 16.240261
288 403 16.661313
288 308 17.455088
288 396 15.878114
288 442 15.214313
288 317 16.797459
288 399 14.512091
288 369 17.793584
288 404 13.283526
288 370 17.144925
288 459 0.105794
288 419 1.938966
288 446 0.728501
288 305 0.296327
288 342 0.128143
288 361 14.935209
288 366 15.059930
288 367 15.113882
288 433 16.021545
288 389 0.027151
288 437 0.108169
289 491 0.894958
289 293 2.397218
289 382 17.591417
289 408 5.094233
289 460 0.010559
289 327 0.087201
289 358 0.296825
289 394 1.231775
289 467 0.134629
290 404 0.434760
290 433 1.614703
290 389 0.388768
290 413 0.324111
290 459 0.230895
290 478 0.085749
290 316 14.617005
291 483 0.475121
291 477 6.718053
291 406 0.103571
291 461 2.491153
291 419 0.258007
291 319 6.117818
291 496 3.362092
291 356 0.268244
291 364 0.462645
291 306 0.141564
291 468 0.467463
291 326 16.527428
291 393 2.593295
291 407 5.537598
292 325 0.270937
292 465 12.963396
292 484 16.795009
292 404 0.961390
292 358 0.487316
292 419 0.473371
292 323 13.642132
292 381 12.849904
292 383 12.538661
292 458 164.620880
292 491 17.015637
292 488 0.118594
293 321 6.222262
293 471 0.270731
293 339 4.295901
293 362 13.851927
293 382 13.723861
293 421 4.417050
293 348 0.239945
293 336 0.249987
293 342 0.368965
294 315 0.362973
294 437 0.241213
294 470 0.984264
294 499 0.217059
294 393 0.183925
294 488 1.960993
294 492 5.894772
295 496 0.308384
295 453 0.412987
295 296 2.304214
295 304 14.920375
295 312 0.342440
295 313 1.886962
295 366 13.905011
295 369 2.965255
295 433 15.928678
295 451 5.147475
296 313 0.341870
296 325 1.648845
296 334 12.287421
296 319 0.418186
296 447 0.091974
296 337 0.153550
296 356 0.131117
297 371 0.434143
297 307 0.893481
297 423 0.344356
297 433 0.013803
297 390 0.976989
298 427 0.032057
298 397 0.235236
298 298 2.343138
298 430 0.349224
298 389 0.459449
298 347 12.437203
298 460 14.772244
298 492 3.855550
298 331 0.401686
298 441 0.492928
299 403 1.365425
299 312 2.102482
299 367 12.541749
300 308 3.514910
300 366 15.273561
300 430 0.600929
300 373 13.421264
300 433 16.642208
300 472 1.286463
300 359 0.174390
300 460 0.615743
300 409 1.290259
301 472 0.080878
301 490 1.075698
301 329 0.153207
301 428 6.409187
301 318 0.123865
301 425 0.281655
301 376 17.581866
301 467 0.455235
302 304 2.905400
302 351 0.974293
302 337 0.221603
302 383 0.247433
302 493 0.419811
302 322 1.281040
303 346 1.793044
303 425 13.647562
303 334 0.067263
303 329 13.463506
304 367 13.719064
304 399 16.754424
304 445 17.565736
304 325 17.016915
304 417 15.503345
304 403 14.692903
304 483 13.293968
304 442 17.773456
304 374 148.001541
304 404 17.632827
304 369 15.540416
304 468 14.730590
304 438 17.347170
304 451 13.790466
304 427 15.982812
304 366 16.997558
304 433 12.448027
304 386 12.608264
304 444 14.534211
304 372 13.608626
304 379 15.043119
304 402 0.118761
304 388 0.124995
304 485 0.317472
304 478 0.122487
304 362 0.248923
304 334 14.475254
304 361 17.858479
304 396 12.387382
304 462 12.027762
305 390 15.906156
305 346 17.883621
305 412 0.279449
305 341 0.276430
305 467 0.487431
305 328 4.493571
305 420 0.334149
305 490 0.400023
306 308 0.105858
306 334 0.053848
306 483 0.311031
306 350 1.315823
306 402 0.310254
306 436 0.110044
306 339 0.113761
306 479 0.169648
306 410 0.929686
306 470 0.147343
306 331 0.410034
306 448 0.189084
307 367 0.321034
307 362 0.291170
307 393 0.259085
307 496 0.305312
307 458 0.451887
307 406 0.229998
308 472 7.879431
308 438 6.869715
308 430 5.703231
308 442 3.996911
308 345 5.396094
308 455 0.135795
308 351 0.373292
308 334 13.590072
308 366 16.531804
308 460 1.500115
308 471 1.350974
309 318 4.479101
309 497 0.053430
309 422 0.169820
309 491 0.034316
309 354 0.449264
310 386 7.886242
310 320 5.527311
310 427 14.684499
310 373 17.900615
310 361 3.922924
310 392 0.316364
310 419 0.248957
310 340 3.101793
310 366 13.484205
310 367 12.183135
310 433 13.426551
310 335 0.219929
310 425 0.137389
310 327 0.081262
310 376 0.240227
310 440 0.302288
311 340 0.360891
311 311 1.757361
311 390 0.364560
311 412 0.247267
311 494 0.299991
311 422 0.320357
311 332 14.163610
311 351 13.692335
312 334 16.672693
312 361 0.635804
312 375 7.994917
312 427 12.135518
312 433 14.367229
312 451 0.965409
312 462 2.235608
312 377 0.411713
312 394 0.659994
313 366 15.875238
313 375 6.867546
313 403 1.042339
313 317 0.924763
313 324 0.335632
313 457 0.174894
313 497 0.300526
313 352 0.254443
313 369 5.134693
313 372 1.039989
313 314 0.133604
313 429 0.227369
313 440 0.192918
314 437 0.963073
314 400 0.128008
314 363 5.061433
314 493 0.368120
314 439 0.439909
314 429 0.175117
314 389 5.653794
314 491 0.149051
315 325 0.378989
315 437 7.433538
315 464 13.669433
315 326 12.412836
315 408 0.691415
315 477 1.592936
315 321 1.214148
315 454 0.337105
315 361 0.059928
315 411 0.378072
315 410 0.686039
315 460 0.378898
315 365 31.380688
315 479 17.647643
315 332 0.793376
316 430 0.213787
316 350 0.329606
316 482 2.293274
316 364 13.119103
316 378 12.149480
316 316 13.768028
316 414 17.987898
316 436 0.384183
316 411 0.510521
316 416 1.172179
316 493 0.141635
317 317 3.456849
317 438 5.201769
317 334 15.774976
317 367 13.394834
317 373 14.173405
317 396 4.515756
317 462 13.239352
317 392 0.144787
317 490 0.304698
317 380 0.027016
318 421 1.999263
318 490 0.530533
318 354 0.098283
318 389 4.202294
318 464 15.303382
318 479 13.711805
319 419 3.011729
319 469 0.224169
319 401 0.116370
319 355 2.678455
319 461 0.190866
319 499 1.246365
319 336 0.345254
319 342 0.487281
320 396 0.545097
320 371 0.322342
320 325 6.450906
320 361 0.736909
320 427 17.745310
320 496 0.214755
320 474 0.323595
320 342 0.110173
320 409 0.298086
320 456 0.320187
321 382 17.541920
321 421 7.533147
321 464 15.726420
321 329 0.095019
321 460 0.971874
321 488 0.469132
322 375 0.207787
322 470 0.108328
322 441 2.450766
322 377 0.196735
322 457 0.477632
323 469 0.410255
323 420 7.152796
323 397 0.049707
323 359 5.566455
323 426 17.784595
323 484 6.087728
323 491 15.924261
324 462 0.461754
324 382 0.777005
324 390 0.937920
324 410 15.833785
324 450 5.076684
324 391 0.116615
324 451 0.065417
324 344 0.443311
324 404 0.178240
324 332 13.297837
324 348 14.361249
325 366 16.057946
325 427 13.845033
325 404 0.402997
325 430 5.742070
325 406 0.440960
325 379 7.235441
325 392 0.452995
325 426 1.042452
325 490 0.221201
325 416 0.051739
326 419 12.784313
326 487 17.859285
326 437 12.093860
326 389 120.112778
326 475 16.546044
326 382 12.146216
326 496 16.168287
326 363 16.651539
326 400 13.633877
326 479 16.409968
326 362 14.385474
326 488 0.416321
326 332 0.019394
326 458 1.445685
326 444 0.598262
326 365 14.019704
326 484 0.309514
326 351 0.129254
326 448 0.006466
327 428 6.103737
327 401 5.968550
327 473 4.727361
327 441 2.481831
327 353 0.176118
327 355 0.436949
327 420 0.370324
327 362 1.571244
327 376 13.048299
327 429 0.975504
328 396 0.469288
328 464 0.282311
328 335 2.475984
328 454 1.492235
328 328 5.019082
328 376 0.639344
328 455 0.500000
328 495 0.158944
328 354 0.229240
329 353 16.727051
329 378 14.584414
329 466 14.155002
329 364 12.441606
329 494 1.471864
329 405 1.860871
329 424 0.419737
329 449 0.554427
329 475 1.083199
329 380 13.177640
330 458 0.205790
330 411 0.181143
331 382 0.233707
331 410 0.125806
331 405 0.011540
331 371 5.452062
331 365 0.141047
331 413 0.140545
331 387 0.460135
332 377 0.135666
332 362 0.291957
332 410 17.933559
332 351 15.344483
332 348 15.640486
332 450 17.839656
332 411 15.523886
332 447 15.821368
332 343 13.362818
332 397 17.737518
332 389 0.205906
332 468 0.740148
332 356 0.226582
332 477 0.325667
332 391 0.577392
333 445 0.393247
333 402 0.353191
333 409 12.080937
333 440 6.087263
333 481 5.778841
334 472 16.368803
334 386 12.992638
334 444 13.335482
334 430 16.185264
334 340 13.313002
334 468 15.734648
334 404 12.072447
334 345 15.394680
334 334 16.125940
334 415 16.796766
334 417 14.413177
334 336 0.810564
334 499 0.278047
334 363 0.747377
334 451 16.030066
334 480 4.330300
335 366 0.101741
335 437 0.437437
335 390 14.888283
335 454 1.362726
335 394 0.076834
335 469 0.415303
335 468 0.464574
335 357 0.228223
335 348 0.117471
336 397 0.704405
336 361 0.355772
337 421 0.390654
337 405 15.025518
337 466 0.089765
337 446 5.303409
338 431 2.689924
338 384 2.003742
338 486 0.997655
338 370 0.234862
338 477 0.216648
338 476 1.104818
338 368 2.069394
338 394 0.531696
339 464 13.803101
339 485 0.365665
339 459 0.301709
339 372 0.213578
339 360 0.293589
339 405 0.001970
339 422 0.487977
340 345 1.833829
340 364 0.330013
340 423 0.182524
340 366 17.896628
340 433 14.688341
340 451 3.492907
340 425 8.439794
340 422 0.378614
341 476 1.445444
341 357 7.038688
341 431 4.202026
341 368 0.947467
341 486 4.047332
341 474 1.745830
341 482 0.106888
341 384 0.871922
341 412 0.317671
341 363 0.075154
341 450 0.283546
341 488 0.114133
341 424 0.346270
342 408 0.088917
342 479 0.983982
342 390 0.596326
342 460 0.700772
342 482 0.274692
342 392 0.116869
342 413 0.067290
342 445 0.496409
343 439 0.472194
343 397 12.008075
343 348 15.318714
344 350 2.195460
344 344 4.107766
344 499 0.451106
344 392 0.059440
344 401 0.062276
345 417 4.595994
345 372 4.296356
345 399 7.936764
345 444 2.434107
345 373 15.202446
345 369 4.099053
345 421 0.272023
345 437 0.316388
345 380 0.692880
345 366 17.014072
345 355 0.415876
345 481 0.199544
346 368 0.114368
346 390 17.089965
346 454 14.784504
346 346 14.478179
346 463 0.785184
346 484 0.217052
346 411 0.464016
346 394 0.943281
347 493 15.981649
347 470 16.445431
347 455 13.989596
347 422 17.466414
347 492 17.087982
347 381 0.807258
347 374 0.448904
347 350 0.068116
347 494 0.585612
348 475 0.939112
348 479 0.630895
348 499 1.425324
348 410 14.461918
348 449 16.332407
348 435 12.132733
348 411 16.948955
348 351 12.504269
348 398 14.409628
348 447 15.579056
348 433 0.001459
348 441 1.709716
348 427 0.119470
348 400 0.513922
348 363 0.106182
348 405 0.067621
349 366 0.261078
349 454 1.633269
349 426 1.145383
350 370 0.317707
350 453 2.102858
350 350 7.452166
350 378 0.293104
350 408 0.359537
350 363 0.235243
350 464 0.808788
350 465 0.496507
350 353 0.449895
351 454 0.359571
351 411 13.208372
351 410 14.841019
351 351 15.506484
351 447 12.979627
351 449 15.127070
351 397 14.870010
351 435 15.040086
351 384 0.469604
351 396 0.222790
351 442 0.000254
351 404 0.110475
351 388 0.305676
351 383 2.126416
351 498 0.251775
352 357 4.418932
352 485 0.299513
352 447 0.433438
352 373 0.434992
352 368 2.065650
352 425 0.034240
352 498 0.392885
353 444 0.260513
353 495 0.322960
353 425 12.509548
353 466 12.553877
353 446 0.163446
354 496 0.287677
354 440 4.760549
354 354 7.234600
354 388 0.152925
354 381 4.782987
354 373 0.338996
354 401 6.677964
355 396 0.451706
355 365 4.413688
355 419 2.744703
355 356 0.251693
355 464 104.480041
356 365 0.175153
356 460 0.540803
356 448 5.752438
356 455 0.185218
356 376 12.492405
356 394 17.238941
357 475 0.200596
357 474 3.714347
357 441 0.317338
357 391 0.323822
357 405 2.604523
358 404 0.293912
358 363 0.093425
358 424 7.363095
358 358 5.756741
358 395 0.490918
358 376 14.776314
359 360 0.578512
359 398 0.222939
360 484 1.624434
361 399 6.588071
361 404 1.038528
361 451 2.503339
361 374 5.941550
361 386 0.924242
361 384 0.440661
361 366 15.011076
361 427 16.777426
362 464 15.289482
362 407 13.805893
362 421 14.678082
362 479 16.675354
362 495 15.537276
362 412 16.202922
362 396 0.208311
362 388 0.038443
362 427 1.177798
362 373 0.173289
362 382 16.060935
362 475 13.444512
363 399 0.357308
363 484 0.056038
363 485 0.405500
363 395 2.003120
363 465 0.484610
364 369 0.235773
364 414 15.687812
365 417 0.481886
365 433 1.030598
365 499 1.462816
365 452 0.262484
366 375 17.245806
366 430 14.800333
366 417 12.636382
366 451 15.019123
366 396 13.492276
366 403 16.074659
366 404 16.109348
366 415 155.269319
366 369 16.212833
366 379 16.893939
366 468 14.321672
366 462 13.052498
366 387 0.071847
366 422 1.480582
366 473 0.234621
366 447 0.123518
366 424 1.365918
366 390 1.416705
366 443 0.127019
366 485 0.126557
367 399 14.544632
367 417 17.065600
367 415 13.371640
367 468 14.622565
367 370 16.090359
367 444 12.028607
367 487 0.526770
367 380 0.043769
367 452 0.205349
367 435 0.346578
367 427 17.769388
367 433 13.348478
367 454 0.087910
368 431 0.973050
368 476 40.174479
368 482 0.666901
368 486 4.976275
368 402 0.120269
368 471 0.336468
369 438 0.397261
369 386 6.604767
369 444 7.235440
369 479 0.286692
369 471 0.247487
369 446 0.382444
369 460 0.221612
370 476 0.439955
370 376 2.347737
371 374 0.352943
371 380 0.534546
371 401 6.377991
371 409 12.909625
372 432 0.436965
372 407 0.053652
372 498 0.470233
372 373 16.315254
372 404 0.762419
372 433 17.919754
373 442 13.034576
373 415 16.495924
373 483 15.982295
373 441 0.199563
373 400 1.229360
373 490 0.110188
373 396 16.463309
373 433 13.475712
374 432 1.829383
374 445 5.991260
374 423 0.145474
375 379 1.696764
375 474 0.231447
375 433 17.023399
375 492 0.450812
376 409 12.643379
376 459 17.741797
376 424 12.859310
376 497 0.291429
376 383 0.771010
376 482 0.527694
377 453 6.611483
377 384 0.498349
377 392 0.363571
377 418 0.380136
377 487 0.274703
378 442 0.457224
378 464 0.020635
378 499 0.498922
378 465 0.286587
378 414 15.130013
378 425 17.009272
378 466 16.402619
379 432 3.052013
379 427 12.919749
379 388 0.172273
379 422 0.148722
379 385 0.408697
379 405 0.144222
379 433 16.573570
380 451 2.886864
380 425 15.600337
380 466 16.923211
380 412 0.343447
380 483 0.066954
380 467 0.076875
380 411 0.131940
380 496 0.436720
381 416 0.364912
381 418 3.821355
381 458 0.637396
381 490 13.465346
381 491 14.665564
381 456 0.428265
382 400 14.117240
382 384 0.858170
382 450 0.308504
382 408 17.388618
382 479 12.804865
382 398 0.712602
382 457 0.152755
382 470 0.396019
383 443 16.367598
383 436 13.570158
383 463 13.137683
383 460 0.223776
383 424 0.656894
383 468 0.178471
383 426 17.416514
383 484 13.250532
384 438 0.092187
385 399 0.075049
385 420 0.079288
385 458 0.463539
386 484 0.159024
387 403 0.066117
387 461 0.163698
387 462 0.077526
387 466 12.358985
387 498 0.105714
388 460 13.000108
389 404 0.209164
389 487 1.335190
389 461 2.502690
389 412 0.637322
389 409 0.857122
389 463 0.301167
389 439 0.448331
389 498 0.232403
390 461 0.545204
390 390 17.183532
390 469 0.014543
390 478 0.171635
390 404 0.146235
390 491 0.603447
390 492 0.023830
390 454 12.729464
390 394 1.210046
390 452 0.258293
391 497 0.359480
391 460 2.590851
391 441 0.366576
391 440 6.112380
391 394 14.770671
391 464 0.007571
391 486 0.464859
391 456 3.303873
393 419 6.779502
393 456 0.458722
393 464 17.912530
393 471 0.192637
394 440 13.400523
394 494 16.380770
394 456 16.030269
394 411 0.372756
394 434 0.272967
395 406 2.619621
395 478 0.262132
395 454 0.463085
395 490 0.064841
395 421 1.982536
395 464 13.399373
395 499 5.307901
395 409 0.399014
396 445 0.285584
396 433 16.509713
396 441 0.154474
397 491 0.235984
397 411 17.470640
397 410 15.845307
397 450 14.983094
397 497 0.373631
397 404 0.113488
397 409 1.085855
398 496 0.372256
398 435 3.125791
399 460 0.178737
399 427 16.856489
400 462 0.410667
400 464 17.675540
400 479 13.685281
401 408 0.436009
401 482 0.284320
401 423 4.294178
401 472 0.458492
401 414 0.654477
401 425 0.073465
402 491 0.314777
402 405 16.628115
402 460 16.574722
404 432 6.612393
404 433 15.025923
404 430 1.252096
404 410 0.540415
405 454 0.997388
405 426 0.542934
405 443 1.194901
405 463 0.246340
405 493 113.053684
405 492 14.780992
405 498 16.904304
405 444 0.741644
405 439 0.090212
406 413 0.053554
406 478 0.191134
407 479 14.384949
407 460 0.004555
407 475 3.919596
407 409 0.036225
408 433 0.144090
408 442 0.270149
408 487 0.459988
408 495 7.133743
408 437 0.676230
408 425 0.376025
408 483 0.228924
408 461 2.613395
408 456 0.155697
409 426 0.556019
409 457 0.119676
409 452 12.578600
409 494 14.068656
409 431 1.074364
409 435 0.261315
410 439 0.428166
410 410 15.359175
410 425 0.738974
410 454 2.576568
410 414 0.271193
410 466 0.334026
411 466 1.591656
411 460 0.063652
412 464 14.278821
412 470 0.108387
413 455 0.230416
413 452 0.114435
413 431 0.412054
413 420 0.690925
413 426 14.351557
413 491 13.066786
414 425 14.930928
414 466 16.596528
415 483 2.466827
415 450 0.447816
415 421 0.497988
416 466 0.991188
416 429 0.441343
417 463 0.320191
418 496 0.348513
418 424 0.156827
418 440 0.433706
418 420 1.210015
418 434 2.648896
418 490 16.571883
419 491 0.694894
419 461 6.059441
420 465 3.224965
420 471 0.145517
420 426 12.077235
420 458 2.148548
421 469 0.134097
421 471 0.230676
421 431 0.055366
421 465 0.215152
421 461 3.016066
421 464 13.941839
422 464 0.216542
422 463 0.446479
422 484 0.188878
422 445 0.321612
422 439 0.120687
422 459 0.470329
423 479 1.041003
423 492 0.188232
423 460 0.623210
423 448 1.890432
424 426 0.003888
424 491 0.466570
424 436 0.440665
425 451 0.418333
425 434 0.644053
425 466 16.189886
425 425 12.930969
425 436 0.740698
426 458 14.851381
426 491 15.773837
426 465 17.548784
426 426 16.902286
426 476 0.043352
426 477 0.441416
426 454 0.148443
426 468 0.537673
426 470 0.320374
426 487 0.010528
426 490 13.444056
427 444 14.587977
427 432 14.891410
427 435 1.689973
427 453 0.075287
427 498 0.065381
428 479 0.825415
428 464 0.305062
428 453 0.147137
428 448 3.611285
430 472 2.590618
430 483 2.734973
430 460 0.171131
430 497 0.213367
430 474 0.098940
431 486 1.293815
431 460 0.335702
432 436 0.448531
433 451 13.485537
433 445 12.412924
433 462 14.151895
433 438 17.353022
433 492 0.182533
433 446 0.146881
433 496 0.238066
433 449 0.803561
434 475 0.320303
434 439 1.535276
434 491 13.073649
436 498 0.203385
436 484 2.227299
436 491 12.606768
437 479 17.188660
437 466 0.186807
437 491 0.320140
438 451 0.320288
438 453 0.831487
439 445 0.451430
439 465 1.514064
439 458 4.960223
439 491 16.897577
439 440 0.076383
440 447 0.426539
441 446 0.216272
441 485 1.002801
441 456 2.636706
442 462 4.535561
443 490 14.232911
443 491 17.039094
443 487 0.489380
444 472 1.652985
445 479 0.576030
445 462 1.775282
446 460 17.006768
446 457 3.303970
446 456 0.059893
448 481 2.700044
448 458 0.191917
449 480 0.186626
449 450 6.033246
450 498 0.305871
451 469 0.387133
451 463 0.345208
451 479 0.154700
452 482 0.258510
452 453 0.232230
453 453 1.322310
453 477 0.425282
453 478 0.051331
454 487 0.472776
458 473 0.470413
458 490 12.815613
460 482 0.776845
460 466 0.393843
460 492 16.357365
460 460 14.888815
460 498 17.999700
460 491 0.596193
460 488 12.987774
461 483 0.435426
461 464 14.899438
462 483 3.547547
463 484 5.819409
463 490 12.495763
463 491 16.287256
464 499 111.867522
464 495 15.347118
464 479 12.693151
464 475 12.446921
464 494 0.716961
464 493 0.426813
465 491 17.309401
466 477 0.107686
466 497 15.291045
466 490 0.257407
466 481 0.201979
467 487 0.074664
467 472 0.350393
468 485 0.421799
469 479 2.726057
469 491 12.858020
470 490 0.070406
470 478 0.481832
471 477 0.094963
472 479 0.283115
472 491 0.674298
474 482 5.816238
474 476 5.366470
474 489 0.189403
475 479 15.059024
475 480 1.450838
476 485 0.385376
479 495 17.598303
480 499 1.137865
480 481 0.352794
481 496 0.449487
483 499 0.436612
483 497 0.451316
484 491 16.070840
485 492 0.426636
488 492 2.136304
489 499 0.453106
490 491 17.001768
494 497 0.476742
498 498 1.084797
