0 95
1 4
2 307
3 274
4 81
5 263
6 263
7 184
8 218
9 291
10 75
11 307
12 141
13 81
14 48
15 207
16 82
17 67
18 56
19 49
20 230
21 251
22 7
23 257
24 201
25 87
26 280
27 131
28 6
29 279
30 218
31 54
32 158
33 51
34 150
35 122
36 135
37 302
38 251
39 83
40 215
41 188
42 186
43 100
44 189
45 174
46 312
47 124
48 265
49 214
50 156
51 21
52 164
53 233
54 222
55 268
56 287
57 170
58 267
59 79
60 283
61 303
62 87
63 63
64 195
65 132
66 60
67 189
68 223
69 64
70 232
71 321
72 187
73 156
74 65
75 104
76 157
77 68
78 171
79 269
80 154
81 231
82 282
83 279
84 142
85 221
86 1
87 160
88 313
89 300
90 158
91 119
92 236
93 284
94 78
95 208
96 251
97 301
98 182
99 310
100 240
101 147
102 307
103 211
104 253
105 164
106 200
107 28
108 250
109 129
110 41
111 110
112 200
113 66
114 247
115 99
116 112
117 135
118 10
119 242
120 218
121 19
122 241
123 268
124 168
125 138
126 111
127 169
128 236
129 56
130 153
131 86
132 201
133 157
134 91
135 290
136 148
137 320
138 143
139 90
140 314
141 266
142 199
143 62
144 111
145 121
146 257
147 277
148 105
149 151
150 242
151 70
152 136
153 65
154 281
155 322
156 319
157 58
158 80
159 245
160 258
161 171
162 246
163 156
164 298
165 7
166 80
167 232
168 208
169 59
170 83
171 259
172 314
173 184
174 18
175 230
176 266
177 2
178 53
179 307
180 114
181 166
182 134
183 60
184 5
185 66
186 197
187 297
188 104
189 12
190 24
191 309
192 67
193 93
194 252
195 122
196 293
197 153
198 209
199 121
200 36
201 139
202 293
203 34
204 195
205 177
206 139
207 198
208 253
209 75
210 163
211 179
212 250
213 19
214 264
215 21
216 94
217 203
218 112
219 75
220 89
221 264
222 193
223 240
224 109
225 143
226 298
227 246
228 146
229 83
230 142
231 79
232 50
233 37
234 175
235 9
236 32
237 45
238 89
239 103
240 297
241 203
242 105
243 277
244 72
245 155
246 98
247 29
248 5
249 57
250 35
251 52
252 69
253 99
254 196
255 159
256 32
257 59
258 203
259 296
260 62
261 16
262 40
263 21
264 229
265 9
266 240
267 103
268 72
269 9
270 149
271 255
272 196
273 92
274 25
275 30
276 83
277 61
278 46
279 18
280 100
281 313
282 293
283 292
284 219
285 84
286 218
287 231
288 184
289 192
290 187
291 231
292 190
293 19
294 194
295 298
296 20
297 227
298 82
299 281
300 36
301 267
302 302
303 269
304 253
305 275
306 76
307 79
308 26
309 184
310 106
311 192
312 319
313 188
314 172
315 134
316 261
317 183
318 167
319 224
320 8
321 127
322 268
323 131
324 226
325 70
326 168
327 166
328 15
329 280
330 259
331 280
332 277
333 173
334 10
335 65
336 229
337 64
338 34
339 192
340 259
341 311
342 160
343 83
344 279
345 5
346 117
347 300
348 307
349 224
350 96
351 121
352 187
353 245
354 72
355 291
356 124
357 211
358 165
359 90
360 187
361 267
362 168
363 300
364 22
365 279
366 225
367 286
368 177
369 152
370 218
371 267
372 235
373 159
374 279
375 182
376 193
377 299
378 316
379 170
380 292
381 89
382 239
383 236
384 319
385 51
386 177
387 242
388 256
389 294
390 172
391 226
392 225
393 306
394 130
395 146
396 298
397 151
398 316
399 164
400 37
401 58
402 29
403 156
404 283
405 216
406 214
407 254
408 69
409 203
410 231
411 171
412 113
413 293
414 151
415 292
416 10
417 70
418 123
419 264
420 115
421 141
422 169
423 145
424 265
425 105
426 132
427 123
428 273
429 281
430 90
431 210
432 222
433 140
434 131
435 310
436 233
437 114
438 320
439 83
440 163
441 287
442 200
443 122
444 66
445 133
446 20
447 238
448 234
449 321
450 291
451 320
452 182
453 182
454 315
455 69
456 289
457 169
458 91
459 264
460 280
461 158
462 187
463 171
464 231
465 75
466 8
467 203
468 78
469 42
470 97
471 137
472 187
473 72
474 249
475 250
476 247
477 112
478 173
479 117
480 210
481 17
482 14
483 211
484 279
485 164
486 295
487 277
488 96
489 75
490 233
491 20
492 195
493 300
494 27
495 40
496 109
497 233
498 314
499 76
500 159
501 153
502 322
503 226
504 214
505 156
506 47
507 182
508 99
509 42
510 126
511 285
512 188
513 105
514 168
515 186
516 308
517 319
518 122
519 182
520 25
521 130
522 40
523 22
524 72
525 154
526 159
527 292
528 38
529 50
530 129
531 103
532 167
533 302
534 16
535 4
536 161
537 101
538 114
539 216
540 68
541 123
542 165
543 166
544 19
545 140
546 131
547 295
548 122
549 189
550 201
551 265
552 227
553 81
554 153
555 168
556 250
557 146
558 302
559 289
560 281
561 289
562 258
563 231
564 23
565 273
566 89
567 89
568 317
569 157
570 145
571 167
572 319
573 239
574 57
575 235
576 60
577 195
578 238
579 110
580 33
581 284
582 143
583 81
584 226
585 15
586 227
587 233
588 96
589 85
590 136
591 13
592 252
593 196
594 304
595 284
596 144
597 247
598 168
599 180
600 191
601 63
602 301
603 44
604 15
605 289
606 195
607 240
608 227
609 148
610 55
611 64
612 90
613 129
614 159
615 258
616 143
617 270
618 152
619 265
620 289
621 161
622 213
623 197
624 167
625 67
626 152
627 301
628 252
629 235
630 206
631 78
632 178
633 76
634 25
635 301
636 225
637 127
638 6
639 192
640 274
641 272
642 121
643 311
644 311
645 28
646 38
647 121
648 200
649 232
650 29
651 53
652 310
653 196
654 313
655 30
656 248
657 209
658 77
659 56
660 71
661 74
662 207
663 225
664 30
665 115
666 150
667 38
668 31
669 82
670 56
671 285
672 80
673 109
674 298
675 309
676 8
677 32
678 121
679 227
680 294
681 108
682 286
683 160
684 237
685 261
686 113
687 91
688 308
689 287
690 147
691 261
692 128
693 27
694 46
695 238
696 301
697 280
698 2
699 134
700 219
701 55
702 1
703 118
704 47
705 79
706 105
707 97
708 177
709 40
710 262
711 257
712 222
713 67
714 202
715 240
716 192
717 41
718 76
719 153
720 42
721 280
722 278
723 212
724 145
725 113
726 27
727 142
728 211
729 240
730 203
731 6
732 40
733 118
734 36
735 175
736 223
737 104
738 47
739 281
740 58
741 321
742 173
743 189
744 265
745 19
746 61
747 284
748 178
749 55
750 259
751 216
752 104
753 94
754 33
755 207
756 26
757 298
758 22
759 46
760 317
761 150
762 313
763 186
764 109
765 296
766 218
767 86
768 149
769 19
770 94
771 112
772 41
773 215
774 162
775 286
776 102
777 38
778 154
779 311
780 201
781 232
782 32
783 170
784 91
785 156
786 77
787 220
788 21
789 39
790 237
791 282
792 301
793 261
794 301
795 248
796 261
797 276
798 277
799 10
800 128
801 264
802 129
803 253
804 169
805 279
806 202
807 270
808 265
809 89
810 122
811 317
812 79
813 234
814 93
815 132
816 10
817 213
818 120
819 310
820 130
821 38
822 87
823 44
824 101
825 46
826 182
827 8
828 19
829 177
830 310
831 235
832 271
833 138
834 237
835 61
836 198
837 147
838 187
839 246
840 196
841 133
842 305
843 86
844 183
845 131
846 234
847 193
848 253
849 253
850 5
851 210
852 99
853 269
854 25
855 129
856 305
857 238
858 124
859 29
860 276
861 150
862 262
863 301
864 222
865 35
866 10
867 31
868 214
869 248
870 50
871 81
872 142
873 43
874 209
875 232
876 252
877 221
878 111
879 285
880 165
881 32
882 37
883 315
884 211
885 214
886 208
887 78
888 249
889 301
890 104
891 169
892 249
893 34
894 304
895 77
896 141
897 178
898 275
899 124
900 152
901 123
902 230
903 1
904 86
905 197
906 124
907 90
908 254
909 322
910 306
911 258
912 142
913 87
914 266
915 92
916 101
917 37
918 82
919 23
920 45
921 267
922 172
923 281
924 11
925 13
926 179
927 8
928 233
929 309
930 154
931 281
932 277
933 106
934 135
935 227
936 93
937 296
938 290
939 32
940 167
941 300
942 101
943 313
944 113
945 230
946 245
947 79
948 4
949 234
950 235
951 4
952 39
953 238
954 160
955 233
956 157
957 189
958 206
959 195
960 96
961 202
962 265
963 158
964 255
965 224
966 222
967 118
968 128
969 31
970 110
971 133
972 235
973 311
974 255
975 311
976 119
977 89
978 253
979 25
980 316
981 310
982 83
983 74
984 176
985 57
986 180
987 308
988 208
989 279
990 235
991 57
992 150
993 203
994 244
995 300
996 43
997 252
998 34
999 84
1000 100
1001 170
1002 232
1003 89
1004 193
1005 210
1006 25
1007 178
1008 5
1009 110
1010 4
1011 124
1012 230
1013 298
1014 147
1015 210
1016 315
1017 300
1018 322
1019 224
1020 256
1021 267
1022 236
1023 29
1024 230
1025 54
1026 39
1027 185
1028 284
1029 304
1030 137
1031 94
1032 62
1033 74
1034 0
1035 139
1036 39
1037 87
1038 114
1039 260
1040 11
1041 246
1042 230
1043 207
1044 297
1045 150
1046 225
1047 136
1048 152
1049 68
1050 159
1051 58
1052 201
1053 231
1054 86
1055 277
1056 15
1057 21
1058 18
1059 204
1060 157
1061 219
1062 148
1063 114
1064 166
1065 171
1066 150
1067 130
1068 198
1069 209
1070 27
1071 81
1072 266
1073 185
1074 232
1075 290
1076 275
1077 320
1078 318
1079 206
1080 151
1081 227
1082 163
1083 177
1084 226
1085 55
1086 40
1087 102
1088 193
1089 85
1090 47
1091 234
1092 288
1093 139
1094 159
1095 313
1096 176
1097 258
1098 17
1099 232
1100 303
1101 109
1102 320
1103 185
1104 46
1105 252
1106 180
1107 122
1108 193
1109 211
1110 288
1111 299
1112 256
1113 255
1114 27
1115 40
1116 216
1117 300
1118 162
1119 298
1120 62
1121 139
1122 212
1123 143
1124 72
1125 117
1126 263
1127 137
1128 120
1129 297
1130 112
1131 208
1132 176
1133 99
1134 308
1135 247
1136 304
1137 146
1138 165
1139 316
1140 162
1141 195
1142 143
1143 72
1144 248
1145 56
1146 153
1147 165
1148 114
1149 144
1150 312
1151 198
1152 200
1153 161
1154 243
1155 302
1156 277
1157 272
1158 35
1159 286
1160 207
1161 97
1162 137
1163 296
1164 294
1165 85
1166 179
1167 30
1168 318
1169 241
1170 119
1171 308
1172 321
1173 98
1174 310
1175 28
1176 33
1177 288
1178 216
1179 106
1180 181
1181 121
1182 36
1183 298
1184 243
1185 37
1186 172
1187 148
1188 322
1189 246
1190 4
1191 28
1192 222
1193 106
1194 167
1195 307
1196 254
1197 202
1198 99
1199 41
1200 55
1201 53
1202 92
1203 189
1204 81
1205 291
1206 187
1207 183
1208 63
1209 314
1210 16
1211 67
1212 177
1213 119
1214 23
1215 258
1216 132
1217 236
1218 244
1219 315
1220 22
1221 9
1222 188
1223 182
1224 65
1225 226
1226 139
1227 304
1228 63
1229 250
1230 192
1231 20
1232 51
1233 176
1234 75
1235 72
1236 17
1237 17
1238 312
1239 142
1240 247
1241 2
1242 247
1243 56
1244 229
1245 238
1246 124
1247 98
1248 144
1249 47
1250 61
1251 232
1252 57
1253 199
1254 213
1255 205
1256 121
1257 96
1258 47
1259 308
1260 218
1261 248
1262 99
1263 280
1264 84
1265 78
1266 22
1267 201
1268 185
1269 169
1270 86
1271 59
1272 182
1273 286
1274 216
1275 231
1276 78
1277 199
1278 110
1279 302
1280 125
1281 205
1282 66
1283 319
1284 296
1285 121
1286 136
1287 94
1288 180
1289 138
1290 73
1291 133
1292 129
1293 314
1294 149
1295 90
1296 224
1297 314
1298 30
1299 48
1300 22
1301 28
1302 310
1303 42
1304 146
1305 294
1306 191
1307 263
1308 252
1309 42
1310 269
1311 70
1312 128
1313 165
1314 90
1315 77
1316 216
1317 155
1318 97
1319 107
1320 242
1321 153
1322 148
1323 96
1324 56
1325 317
1326 32
1327 153
1328 253
1329 17
1330 196
1331 283
1332 63
1333 294
1334 11
1335 108
1336 30
1337 2
1338 298
1339 281
1340 26
1341 177
1342 81
1343 259
1344 180
1345 4
1346 27
1347 271
1348 277
1349 295
1350 238
1351 234
1352 310
1353 64
1354 240
1355 64
1356 142
1357 97
1358 290
1359 270
1360 208
1361 139
1362 74
1363 162
1364 217
1365 79
1366 214
1367 258
1368 284
1369 57
1370 124
1371 287
1372 94
1373 263
1374 186
1375 21
1376 72
1377 267
1378 73
1379 134
1380 315
1381 100
1382 299
1383 244
1384 1
1385 112
1386 34
1387 299
1388 301
1389 197
1390 104
1391 137
1392 113
1393 277
1394 270
1395 277
1396 180
1397 49
1398 135
1399 285
1400 19
1401 184
1402 185
1403 278
1404 307
1405 139
1406 301
1407 107
1408 197
1409 301
1410 116
1411 308
1412 134
1413 141
1414 304
1415 154
1416 105
1417 288
1418 113
1419 103
1420 122
1421 162
1422 190
1423 265
1424 298
1425 283
1426 319
1427 278
1428 190
1429 148
1430 5
1431 200
1432 231
1433 38
1434 115
1435 30
1436 307
1437 88
1438 128
1439 23
1440 158
1441 99
1442 10
1443 41
1444 253
1445 109
1446 208
1447 128
1448 174
1449 171
1450 240
1451 20
1452 166
1453 322
1454 292
1455 293
1456 176
1457 13
1458 158
1459 105
1460 39
1461 168
1462 39
1463 169
1464 81
1465 85
1466 27
1467 182
1468 61
1469 195
1470 206
1471 239
1472 183
1473 259
1474 295
1475 19
1476 212
1477 262
1478 211
1479 157
1480 166
1481 150
1482 20
1483 185
1484 9
1485 313
1486 210
1487 271
1488 235
1489 315
1490 104
1491 206
1492 59
1493 301
1494 30
1495 313
1496 266
1497 176
1498 62
1499 178
1500 178
1501 127
1502 161
1503 189
1504 321
1505 199
1506 2
1507 69
1508 64
1509 73
1510 234
1511 237
1512 284
1513 289
1514 80
1515 89
1516 178
1517 300
1518 223
1519 112
1520 146
1521 64
1522 154
1523 208
1524 79
1525 16
1526 251
1527 49
1528 316
1529 42
1530 103
1531 59
1532 318
1533 49
1534 79
1535 35
1536 6
1537 184
1538 76
1539 117
1540 243
1541 85
1542 260
1543 203
1544 101
1545 141
1546 317
1547 136
1548 249
1549 48
1550 290
1551 72
1552 304
1553 297
1554 190
1555 188
1556 91
1557 267
1558 151
1559 79
1560 107
1561 319
1562 321
1563 229
1564 187
1565 21
1566 92
1567 47
1568 111
1569 257
1570 219
1571 24
1572 10
1573 86
1574 226
1575 95
1576 243
1577 233
1578 108
1579 289
1580 213
1581 6
1582 107
1583 287
1584 144
1585 318
1586 287
1587 20
1588 308
1589 14
1590 119
1591 157
1592 158
1593 96
1594 85
1595 169
1596 85
1597 196
1598 300
1599 110
1600 290
1601 240
1602 154
1603 108
1604 156
1605 177
1606 239
1607 137
1608 91
1609 105
1610 119
1611 110
1612 131
1613 108
1614 198
1615 14
1616 212
1617 309
1618 76
1619 279
1620 251
1621 320
1622 72
1623 20
1624 258
1625 304
1626 106
1627 210
1628 207
1629 21
1630 255
1631 229
1632 79
1633 75
1634 50
1635 224
1636 72
1637 221
1638 157
1639 35
1640 79
1641 30
1642 118
1643 289
1644 58
1645 206
1646 317
1647 116
1648 203
1649 216
1650 77
1651 240
1652 115
1653 283
1654 157
1655 171
1656 245
1657 5
1658 241
1659 56
1660 271
1661 0
1662 233
1663 98
1664 212
1665 266
1666 269
1667 149
1668 28
1669 245
1670 304
1671 15
1672 26
1673 269
1674 146
1675 305
1676 48
1677 244
1678 9
1679 26
1680 130
1681 80
1682 22
1683 295
1684 217
1685 82
1686 216
1687 124
1688 207
1689 146
1690 145
1691 230
1692 314
1693 127
1694 105
1695 8
1696 106
1697 10
1698 63
1699 7
1700 19
1701 128
1702 80
1703 189
1704 139
1705 48
1706 107
1707 59
1708 137
1709 96
1710 89
1711 139
1712 132
1713 145
1714 63
1715 174
1716 81
1717 135
1718 179
1719 48
1720 125
1721 202
1722 14
1723 258
1724 322
1725 9
1726 253
1727 106
1728 105
1729 287
1730 258
1731 258
1732 73
1733 239
1734 52
1735 189
1736 261
1737 11
1738 252
1739 260
1740 221
1741 29
1742 42
1743 204
1744 172
1745 71
1746 252
1747 219
1748 153
1749 191
1750 300
1751 84
1752 314
1753 316
1754 66
1755 34
1756 27
1757 183
1758 177
1759 238
1760 321
1761 315
1762 21
1763 131
1764 102
1765 235
1766 70
1767 35
1768 306
1769 280
1770 316
1771 256
1772 113
1773 120
1774 281
1775 195
1776 147
1777 121
1778 227
1779 164
1780 322
1781 240
1782 83
1783 10
1784 224
1785 152
1786 277
1787 157
1788 214
1789 54
1790 215
1791 272
1792 176
1793 300
1794 140
1795 243
1796 84
1797 181
1798 98
1799 101
1800 76
1801 32
1802 197
1803 24
1804 206
1805 289
1806 230
1807 112
1808 131
1809 320
1810 65
1811 102
1812 55
1813 241
1814 148
1815 216
1816 107
1817 269
1818 238
1819 312
1820 121
1821 228
1822 107
1823 175
1824 1
1825 7
1826 142
1827 295
1828 118
1829 105
1830 181
1831 282
1832 172
1833 209
1834 226
1835 178
1836 198
1837 93
1838 164
1839 254
1840 204
1841 99
1842 281
1843 124
1844 145
1845 282
1846 222
1847 220
1848 279
1849 73
1850 119
1851 112
1852 172
1853 102
1854 135
1855 96
1856 163
1857 24
1858 29
1859 321
1860 262
1861 108
1862 147
1863 208
1864 256
1865 171
1866 47
1867 47
1868 224
1869 202
1870 29
1871 137
1872 168
1873 60
1874 109
1875 89
1876 31
1877 229
1878 25
1879 89
1880 193
1881 2
1882 128
1883 104
1884 320
1885 111
1886 185
1887 203
1888 199
1889 60
1890 129
1891 182
1892 239
1893 9
1894 104
1895 138
1896 228
1897 16
1898 68
1899 52
1900 83
1901 304
1902 265
1903 281
1904 83
1905 78
1906 185
1907 165
1908 77
1909 321
1910 149
1911 213
1912 5
1913 16
1914 119
1915 98
1916 186
1917 278
1918 1
1919 246
1920 297
1921 178
1922 29
1923 136
1924 161
1925 266
1926 183
1927 146
1928 193
1929 172
1930 32
1931 277
1932 220
1933 130
1934 217
1935 95
1936 290
1937 51
1938 74
1939 193
1940 123
1941 38
1942 129
1943 50
1944 65
1945 128
1946 122
1947 19
1948 301
1949 211
1950 320
1951 223
1952 3
1953 286
1954 212
1955 46
1956 268
1957 265
1958 253
1959 44
1960 147
1961 150
1962 291
1963 67
1964 246
1965 81
1966 259
1967 46
1968 249
1969 206
1970 27
1971 81
1972 246
1973 13
1974 233
1975 269
1976 206
1977 237
1978 254
1979 41
1980 238
1981 10
1982 287
1983 9
1984 241
1985 47
1986 44
1987 0
1988 234
1989 95
1990 187
1991 1
1992 258
1993 170
1994 96
1995 72
1996 69
1997 202
1998 94
1999 137
2000 279
2001 137
2002 211
2003 288
2004 185
2005 227
2006 222
2007 172
2008 13
2009 111
2010 135
2011 233
2012 211
2013 305
2014 282
2015 90
2016 147
2017 153
2018 260
2019 295
2020 20
2021 105
2022 298
2023 27
2024 226
2025 225
2026 43
2027 194
2028 280
2029 10
2030 169
2031 149
2032 110
2033 252
2034 98
2035 251
2036 306
2037 320
2038 306
2039 270
2040 56
2041 22
2042 137
2043 274
2044 318
2045 215
2046 173
2047 14
2048 55
2049 266
2050 305
2051 111
2052 197
2053 256
2054 241
2055 290
2056 10
2057 318
2058 230
2059 267
2060 115
2061 194
2062 270
2063 114
2064 83
2065 39
2066 176
2067 29
2068 71
2069 195
2070 158
2071 207
2072 110
2073 180
2074 154
2075 72
2076 62
2077 93
2078 133
2079 254
2080 70
2081 171
2082 108
2083 32
2084 36
2085 269
2086 276
2087 268
2088 71
2089 282
2090 99
2091 7
2092 3
2093 163
2094 78
2095 147
2096 162
2097 152
2098 195
2099 82
2100 78
2101 238
2102 31
2103 303
2104 275
2105 49
2106 272
2107 245
2108 57
2109 132
2110 90
2111 180
2112 227
2113 99
2114 91
2115 156
2116 129
2117 147
2118 183
2119 95
2120 45
2121 313
2122 255
2123 60
2124 286
2125 275
2126 47
2127 158
2128 280
2129 270
2130 308
2131 37
2132 262
2133 111
2134 5
2135 241
2136 69
2137 109
2138 112
2139 107
2140 212
2141 10
2142 60
2143 147
2144 271
2145 57
2146 104
2147 206
2148 147
2149 62
2150 312
2151 315
2152 228
2153 173
2154 16
2155 210
2156 125
2157 88
2158 133
2159 44
2160 135
2161 40
2162 175
2163 88
2164 52
2165 271
2166 139
2167 253
2168 47
2169 125
2170 193
2171 64
2172 69
2173 21
2174 254
2175 135
2176 26
2177 155
2178 214
2179 315
2180 50
2181 107
2182 79
2183 188
2184 299
2185 21
2186 97
2187 196
2188 308
2189 209
2190 214
2191 246
2192 143
2193 100
2194 50
2195 112
2196 318
2197 203
2198 47
2199 168
2200 297
2201 4
2202 71
2203 141
2204 38
2205 295
2206 80
2207 306
2208 48
2209 10
2210 98
2211 306
2212 271
2213 39
2214 297
2215 206
2216 132
2217 182
2218 90
2219 208
2220 120
2221 298
2222 120
2223 207
2224 261
2225 121
2226 85
2227 22
2228 114
2229 303
2230 4
2231 189
2232 208
2233 64
2234 268
2235 89
2236 183
2237 39
2238 256
2239 20
2240 222
2241 236
2242 139
2243 40
2244 39
2245 176
2246 160
2247 111
2248 310
2249 181
2250 149
2251 66
2252 172
2253 299
2254 36
2255 321
2256 157
2257 193
2258 89
2259 183
2260 78
2261 274
2262 131
2263 236
2264 153
2265 69
2266 96
2267 170
2268 13
2269 240
2270 73
2271 273
2272 204
2273 322
2274 279
2275 207
2276 260
2277 129
2278 305
2279 258
2280 10
2281 299
2282 55
2283 90
2284 277
2285 305
2286 29
2287 72
2288 291
2289 223
2290 68
2291 83
2292 273
2293 137
2294 300
2295 239
2296 189
2297 78
2298 133
2299 169
2300 40
2301 272
2302 271
2303 281
2304 156
2305 49
2306 198
2307 302
2308 128
2309 127
2310 213
2311 90
2312 292
2313 260
2314 41
2315 181
2316 53
2317 43
2318 151
2319 152
2320 87
2321 37
2322 6
2323 182
2324 196
2325 126
2326 156
2327 252
2328 72
2329 102
2330 301
2331 145
2332 71
2333 174
2334 68
2335 95
2336 189
2337 309
2338 0
2339 80
2340 296
2341 132
2342 282
2343 129
2344 206
2345 295
2346 154
2347 135
2348 277
2349 228
2350 57
2351 13
2352 310
2353 309
2354 217
2355 192
2356 2
2357 222
2358 148
2359 60
2360 36
2361 108
2362 265
2363 188
2364 255
2365 309
2366 309
2367 15
2368 153
2369 284
2370 196
2371 168
2372 68
2373 99
2374 219
2375 59
2376 196
2377 145
2378 112
2379 258
2380 109
2381 204
2382 204
2383 263
2384 145
2385 191
2386 89
2387 147
2388 288
2389 183
2390 94
2391 247
2392 34
2393 273
2394 312
2395 50
2396 288
2397 315
2398 79
2399 209
2400 306
2401 114
2402 166
2403 207
2404 317
2405 256
2406 103
2407 5
2408 226
2409 84
2410 254
2411 310
2412 199
2413 300
2414 152
2415 81
2416 204
2417 213
2418 163
2419 149
2420 99
2421 26
2422 9
2423 159
2424 0
2425 298
2426 152
2427 301
2428 43
2429 214
2430 234
2431 260
2432 126
2433 306
2434 174
2435 170
2436 263
2437 169
2438 77
2439 130
2440 86
2441 162
2442 228
2443 111
2444 156
2445 180
2446 62
2447 134
2448 268
2449 136
2450 272
2451 216
2452 322
2453 24
2454 263
2455 67
2456 156
2457 1
2458 145
2459 123
2460 39
2461 101
2462 136
2463 101
2464 105
2465 212
2466 204
2467 224
2468 128
2469 108
2470 265
2471 185
2472 104
2473 51
2474 291
2475 81
2476 282
2477 242
2478 198
2479 10
2480 257
2481 186
2482 91
2483 261
2484 102
2485 168
2486 55
2487 270
2488 212
2489 258
2490 13
2491 303
2492 91
2493 299
2494 147
2495 187
2496 133
2497 3
2498 212
2499 309
2500 64
2501 199
2502 112
2503 44
2504 252
2505 278
2506 201
2507 153
2508 59
2509 63
2510 101
2511 189
2512 211
2513 117
2514 240
2515 300
2516 198
2517 231
2518 223
2519 310
2520 225
2521 16
2522 81
2523 173
2524 210
2525 52
2526 256
2527 235
2528 17
2529 43
2530 143
2531 303
2532 42
2533 162
2534 229
2535 42
2536 164
2537 271
2538 258
2539 171
2540 53
2541 162
2542 131
2543 275
2544 79
2545 36
2546 226
2547 57
2548 263
2549 249
2550 207
2551 116
2552 158
2553 251
2554 310
2555 119
2556 131
2557 29
2558 9
2559 27
2560 208
2561 50
2562 187
2563 40
2564 61
2565 14
2566 126
2567 257
2568 159
2569 204
2570 12
2571 213
2572 107
2573 131
2574 23
2575 311
2576 2
2577 77
2578 254
2579 292
2580 34
2581 295
2582 92
2583 286
2584 241
2585 76
2586 307
2587 320
2588 205
2589 232
2590 196
2591 30
2592 80
2593 154
2594 170
2595 270
2596 150
2597 101
2598 26
2599 49
2600 270
2601 207
2602 213
2603 89
2604 165
2605 53
2606 217
2607 174
2608 38
2609 55
2610 226
2611 150
2612 60
2613 3
2614 167
2615 67
2616 73
2617 194
2618 123
2619 113
2620 148
2621 172
2622 263
2623 110
2624 225
2625 238
2626 113
2627 26
2628 83
2629 221
2630 255
2631 39
2632 278
2633 79
2634 255
2635 148
2636 273
2637 320
2638 169
2639 265
2640 157
2641 179
2642 195
2643 252
2644 179
2645 59
2646 235
2647 240
2648 187
2649 309
2650 304
2651 225
2652 61
2653 34
2654 146
2655 42
2656 300
2657 61
2658 39
2659 75
2660 152
2661 305
2662 157
2663 117
2664 128
2665 108
2666 281
2667 279
2668 238
2669 255
2670 135
2671 146
2672 280
2673 151
2674 170
2675 171
2676 284
2677 285
2678 266
2679 146
2680 18
2681 0
2682 211
2683 238
2684 6
2685 100
2686 128
2687 203
2688 302
2689 47
2690 218
2691 208
2692 294
2693 167
2694 272
2695 60
2696 320
2697 127
2698 36
2699 38
2700 62
2701 174
2702 308
2703 137
2704 320
2705 173
2706 77
2707 290
2708 3
2709 69
2710 223
2711 8
2712 15
2713 244
2714 24
2715 3
2716 112
2717 302
2718 205
2719 136
2720 210
2721 68
2722 290
2723 219
2724 70
2725 320
2726 99
2727 286
2728 57
2729 176
2730 140
2731 38
2732 237
2733 146
2734 186
2735 8
2736 174
2737 270
2738 230
2739 8
2740 19
2741 268
2742 179
2743 226
2744 119
2745 47
2746 82
2747 99
2748 176
2749 29
2750 196
2751 34
2752 198
2753 134
2754 229
2755 284
2756 79
2757 14
2758 226
2759 139
2760 175
2761 47
2762 18
2763 175
2764 157
2765 113
2766 119
2767 259
2768 148
2769 217
2770 31
2771 93
2772 233
2773 49
2774 209
2775 96
2776 96
2777 227
2778 258
2779 198
2780 62
2781 85
2782 89
2783 91
2784 164
2785 134
2786 281
2787 260
2788 284
2789 158
2790 209
2791 129
2792 152
2793 195
2794 312
2795 64
2796 300
2797 248
2798 83
2799 229
2800 168
2801 78
2802 119
2803 229
2804 137
2805 75
2806 267
2807 145
2808 79
2809 64
2810 134
2811 186
2812 297
2813 319
2814 157
2815 262
2816 54
2817 57
2818 19
2819 74
2820 48
2821 314
2822 236
2823 308
2824 41
2825 202
2826 278
2827 137
2828 179
2829 77
2830 29
2831 319
2832 270
2833 87
2834 47
2835 243
2836 126
2837 53
2838 115
2839 254
2840 276
2841 51
2842 58
2843 51
2844 210
2845 3
2846 191
2847 4
2848 147
2849 213
2850 226
2851 24
2852 166
2853 207
2854 251
2855 125
2856 118
2857 268
2858 164
2859 226
2860 60
2861 295
2862 292
2863 244
2864 97
2865 78
2866 191
2867 10
2868 28
2869 46
2870 113
2871 190
2872 206
2873 319
2874 35
2875 147
2876 250
2877 39
2878 27
2879 53
2880 141
2881 77
2882 184
2883 137
2884 55
2885 317
2886 161
2887 246
2888 2
2889 197
2890 247
2891 99
2892 252
2893 153
2894 221
2895 89
2896 178
2897 180
2898 274
2899 154
2900 206
2901 305
2902 213
2903 32
2904 198
2905 112
2906 77
2907 38
2908 265
2909 256
2910 182
2911 34
2912 113
2913 241
2914 169
2915 162
2916 79
2917 64
2918 134
2919 306
2920 221
2921 310
2922 13
2923 221
2924 144
2925 189
2926 64
2927 278
2928 191
2929 267
2930 25
2931 214
2932 321
2933 171
2934 184
2935 286
2936 77
2937 262
2938 154
2939 231
2940 27
2941 157
2942 286
2943 238
2944 279
2945 14
2946 207
2947 254
2948 130
2949 207
2950 29
2951 19
2952 80
2953 230
2954 267
2955 54
2956 138
2957 308
2958 155
2959 100
2960 24
2961 290
2962 293
2963 148
2964 133
2965 224
2966 294
2967 7
2968 312
2969 51
2970 172
2971 62
2972 122
2973 130
2974 186
2975 160
2976 312
2977 99
2978 79
2979 233
2980 140
2981 194
2982 120
2983 23
2984 190
2985 265
2986 207
2987 295
2988 220
2989 171
2990 4
2991 10
2992 252
2993 218
2994 12
2995 293
2996 318
2997 195
2998 46
2999 19
3000 105
3001 95
3002 248
3003 139
3004 249
3005 305
3006 69
3007 113
3008 169
3009 5
3010 222
3011 29
3012 252
3013 265
3014 206
3015 112
3016 158
3017 210
3018 120
3019 57
3020 16
3021 40
3022 161
3023 183
3024 293
3025 79
3026 133
3027 279
3028 213
3029 13
3030 64
3031 177
3032 55
3033 206
3034 149
3035 67
3036 102
3037 117
3038 317
3039 320
3040 233
3041 299
3042 196
3043 225
3044 120
3045 21
3046 157
3047 105
3048 150
3049 183
3050 313
3051 66
3052 13
3053 16
3054 278
3055 254
3056 109
3057 310
3058 116
3059 284
3060 277
3061 272
3062 158
3063 85
3064 75
3065 54
3066 11
3067 149
3068 121
3069 110
3070 4
3071 180
3072 69
3073 81
3074 285
3075 126
3076 230
3077 135
3078 89
3079 22
3080 59
3081 172
3082 174
3083 48
3084 28
3085 115
3086 116
3087 26
3088 285
3089 293
3090 123
3091 86
3092 146
3093 68
3094 0
3095 83
3096 100
3097 212
3098 86
3099 87
3100 173
3101 293
3102 94
3103 10
3104 147
3105 83
3106 10
3107 243
3108 291
3109 100
3110 51
3111 252
3112 215
3113 253
3114 65
3115 276
3116 234
3117 52
3118 98
3119 59
3120 107
3121 163
3122 306
3123 163
3124 57
3125 120
3126 137
3127 112
3128 10
3129 65
3130 46
3131 11
3132 34
3133 67
3134 11
3135 194
3136 99
3137 87
3138 212
3139 132
3140 225
3141 7
3142 223
3143 300
3144 252
3145 210
3146 238
3147 70
3148 240
3149 141
3150 85
3151 157
3152 222
3153 198
3154 212
3155 72
3156 153
3157 223
3158 210
3159 53
3160 71
3161 130
3162 139
3163 17
3164 299
3165 298
3166 239
3167 175
3168 16
3169 97
3170 113
3171 295
3172 278
3173 81
3174 16
3175 112
3176 21
3177 124
3178 289
3179 194
3180 271
3181 305
3182 248
3183 162
3184 77
3185 267
3186 35
3187 185
3188 322
3189 20
3190 129
3191 267
3192 95
3193 120
3194 193
3195 87
3196 111
3197 157
3198 71
3199 18
3200 23
3201 308
3202 70
3203 53
3204 311
3205 249
3206 289
3207 168
3208 320
3209 104
3210 22
3211 49
3212 183
3213 150
3214 114
3215 312
3216 121
3217 287
3218 267
3219 306
3220 165
3221 193
3222 206
3223 281
3224 215
3225 294
3226 12
3227 143
3228 32
3229 53
3230 79
3231 303
3232 1
3233 106
3234 92
3235 80
3236 202
3237 318
3238 320
3239 240
3240 317
3241 216
3242 252
3243 86
3244 78
3245 190
3246 206
3247 122
3248 119
3249 267
3250 74
3251 186
3252 88
3253 140
3254 166
3255 85
3256 241
3257 177
3258 85
3259 301
3260 160
3261 139
3262 273
3263 85
3264 267
3265 305
3266 140
3267 118
3268 70
3269 178
3270 208
3271 112
3272 85
3273 203
3274 40
3275 249
3276 93
3277 267
3278 168
3279 271
3280 273
3281 279
3282 226
3283 235
3284 89
3285 304
3286 271
3287 287
3288 293
3289 29
3290 124
3291 212
3292 49
3293 25
3294 109
3295 13
3296 61
3297 103
3298 203
3299 25
3300 38
3301 229
3302 235
3303 59
3304 57
3305 185
3306 146
3307 295
3308 147
3309 316
3310 198
3311 205
3312 224
3313 310
3314 85
3315 129
3316 285
3317 251
3318 27
3319 298
3320 229
3321 129
3322 316
3323 154
3324 21
3325 311
3326 313
3327 266
3328 40
3329 16
3330 90
3331 260
3332 215
3333 135
3334 162
3335 22
3336 6
3337 129
3338 307
3339 18
3340 149
3341 94
3342 196
3343 70
3344 236
3345 77
3346 143
3347 91
3348 116
3349 116
3350 304
3351 114
3352 225
3353 78
3354 218
3355 143
3356 268
3357 5
3358 183
3359 303
3360 181
3361 201
3362 147
3363 217
3364 197
3365 276
3366 33
3367 237
3368 128
3369 89
3370 237
3371 287
3372 287
3373 241
3374 190
3375 137
3376 191
3377 301
3378 152
3379 163
3380 273
3381 183
3382 242
3383 20
3384 103
3385 35
3386 54
3387 253
3388 21
3389 260
3390 21
3391 177
3392 83
3393 214
3394 90
3395 221
3396 119
3397 167
3398 309
3399 139
3400 153
3401 133
3402 40
3403 255
3404 64
3405 193
3406 40
3407 259
3408 47
3409 290
3410 138
3411 289
3412 42
3413 119
3414 116
3415 194
3416 228
3417 13
3418 221
3419 138
3420 210
3421 240
3422 124
3423 251
3424 265
3425 37
3426 228
3427 104
3428 216
3429 273
3430 262
3431 109
3432 316
3433 137
3434 304
3435 226
3436 322
3437 300
3438 283
3439 176
3440 113
3441 121
3442 173
3443 305
3444 92
3445 209
3446 124
3447 251
3448 194
3449 52
3450 169
3451 213
3452 295
3453 57
3454 298
3455 229
3456 309
3457 44
3458 292
3459 249
3460 152
3461 153
3462 123
3463 300
3464 47
3465 105
3466 140
3467 298
3468 70
3469 188
3470 24
3471 223
3472 277
3473 242
3474 57
3475 45
3476 29
3477 314
3478 14
3479 232
3480 150
3481 246
3482 38
3483 4
3484 10
3485 58
3486 230
3487 210
3488 270
3489 64
3490 74
3491 118
3492 249
3493 175
3494 21
3495 204
3496 67
3497 123
3498 249
3499 46
3500 267
3501 198
3502 34
3503 151
3504 60
3505 259
3506 83
3507 83
3508 312
3509 265
3510 258
3511 82
3512 321
3513 253
3514 195
3515 4
3516 41
3517 258
3518 243
3519 110
3520 104
3521 64
3522 56
3523 212
3524 235
3525 263
3526 84
3527 82
3528 229
3529 296
3530 226
3531 238
3532 236
3533 300
3534 128
3535 11
3536 93
3537 133
3538 284
3539 255
3540 213
3541 196
3542 49
3543 0
3544 62
3545 132
3546 283
3547 133
3548 160
3549 256
3550 61
3551 228
3552 115
3553 289
3554 205
3555 32
3556 5
3557 93
3558 209
3559 156
3560 298
3561 118
3562 59
3563 218
3564 41
3565 177
3566 213
3567 248
3568 311
3569 214
3570 249
3571 184
3572 103
3573 319
3574 312
3575 157
3576 272
3577 72
3578 305
3579 45
3580 224
3581 62
3582 180
3583 260
3584 266
3585 322
3586 204
3587 28
3588 300
3589 239
3590 187
3591 187
3592 186
3593 224
3594 109
3595 312
3596 201
3597 86
3598 201
3599 110
3600 302
3601 27
3602 57
3603 236
3604 25
3605 25
3606 128
3607 172
3608 129
3609 215
3610 175
3611 304
3612 140
3613 58
3614 34
3615 274
3616 165
3617 7
3618 1
3619 252
3620 72
3621 224
3622 277
3623 89
3624 297
3625 128
3626 198
3627 97
3628 16
3629 49
3630 83
3631 290
3632 3
3633 92
3634 13
3635 63
3636 141
3637 153
3638 198
3639 312
3640 89
3641 312
3642 41
3643 226
3644 235
3645 309
3646 85
3647 35
3648 102
3649 12
3650 29
3651 167
3652 193
3653 265
3654 261
3655 262
3656 64
3657 212
3658 138
3659 236
3660 54
3661 209
3662 206
3663 37
3664 69
3665 81
3666 78
3667 147
3668 168
3669 132
3670 173
3671 123
3672 27
3673 163
3674 187
3675 48
3676 312
3677 131
3678 190
3679 13
3680 27
3681 241
3682 272
3683 83
3684 78
3685 104
3686 203
3687 281
3688 100
3689 124
3690 27
3691 72
3692 311
3693 22
3694 14
3695 135
3696 200
3697 225
3698 191
3699 25
3700 75
3701 205
3702 228
3703 236
3704 96
3705 295
3706 106
3707 229
3708 305
3709 201
3710 183
3711 312
3712 12
3713 206
3714 130
3715 266
3716 188
3717 98
3718 245
3719 88
3720 98
3721 320
3722 11
3723 88
3724 159
3725 12
3726 114
3727 130
3728 74
3729 221
3730 115
3731 95
3732 193
3733 116
3734 143
3735 114
3736 51
3737 115
3738 315
3739 128
3740 129
3741 6
3742 268
3743 236
3744 167
3745 67
3746 26
3747 202
3748 313
3749 160
3750 315
3751 159
3752 281
3753 317
3754 279
3755 10
3756 45
3757 6
3758 93
3759 63
3760 212
3761 275
3762 119
3763 1
3764 135
3765 12
3766 158
3767 24
3768 14
3769 138
3770 227
3771 168
3772 34
3773 122
3774 179
3775 112
3776 89
3777 194
3778 140
3779 11
3780 216
3781 81
3782 196
3783 128
3784 196
3785 27
3786 72
3787 8
3788 110
3789 183
3790 110
3791 17
3792 162
3793 100
3794 158
3795 9
3796 152
3797 289
3798 295
3799 60
3800 72
3801 168
3802 316
3803 236
3804 116
3805 34
3806 55
3807 238
3808 27
3809 221
3810 96
3811 182
3812 73
3813 18
3814 129
3815 182
3816 128
3817 204
3818 193
3819 206
3820 50
3821 149
3822 89
3823 73
3824 134
3825 192
3826 198
3827 14
3828 278
3829 120
3830 14
3831 284
3832 300
3833 207
3834 232
3835 25
3836 312
3837 306
3838 75
3839 35
3840 95
3841 191
3842 176
3843 116
3844 272
3845 120
3846 267
3847 171
3848 198
3849 156
3850 272
3851 179
3852 178
3853 242
3854 254
3855 121
3856 186
3857 24
3858 200
3859 124
3860 305
3861 294
3862 258
3863 296
3864 82
3865 24
3866 59
3867 59
3868 268
3869 256
3870 59
3871 128
3872 220
3873 123
3874 265
3875 140
3876 261
3877 212
3878 292
3879 217
3880 282
3881 21
3882 302
3883 17
3884 70
3885 312
3886 128
3887 208
3888 22
3889 303
3890 244
3891 301
3892 309
3893 54
3894 167
3895 174
3896 69
3897 250
3898 235
3899 87
3900 263
3901 204
3902 133
3903 233
3904 264
3905 171
3906 187
3907 182
3908 303
3909 177
3910 214
3911 238
3912 314
3913 169
3914 44
3915 48
3916 320
3917 32
3918 310
3919 19
3920 234
3921 84
3922 137
3923 221
3924 182
3925 267
3926 146
3927 173
3928 300
3929 25
3930 182
3931 281
3932 83
3933 128
3934 272
3935 147
3936 223
3937 255
3938 84
3939 110
3940 322
3941 262
3942 100
3943 198
3944 134
3945 208
3946 301
3947 103
3948 99
3949 85
3950 113
3951 117
3952 2
3953 147
3954 58
3955 16
3956 32
3957 151
3958 149
3959 0
3960 177
3961 255
3962 35
3963 113
3964 41
3965 136
3966 289
3967 79
3968 30
3969 14
3970 216
3971 76
3972 39
3973 313
3974 181
3975 60
3976 268
3977 164
3978 174
3979 306
3980 269
3981 142
3982 294
3983 219
3984 191
3985 92
3986 129
3987 117
3988 65
3989 219
3990 255
3991 320
3992 253
3993 18
3994 303
3995 295
3996 74
3997 114
3998 265
3999 198
4000 233
4001 274
4002 252
4003 315
4004 145
4005 172
4006 144
4007 312
4008 35
4009 218
4010 301
4011 124
4012 85
4013 176
4014 281
4015 40
4016 275
4017 234
4018 256
4019 35
4020 81
4021 4
4022 34
4023 163
4024 147
4025 318
4026 140
4027 81
4028 73
4029 253
4030 70
4031 223
4032 157
4033 259
4034 192
4035 247
4036 67
4037 162
4038 168
4039 84
4040 134
4041 18
4042 125
4043 73
4044 271
4045 79
4046 163
4047 99
4048 66
4049 219
4050 313
4051 9
4052 71
4053 305
4054 213
4055 32
4056 180
4057 125
4058 307
4059 111
4060 61
4061 11
4062 57
4063 175
4064 17
4065 58
4066 90
4067 232
4068 252
4069 305
4070 311
4071 312
4072 239
4073 14
4074 21
4075 248
4076 152
4077 221
4078 219
4079 242
4080 273
4081 56
4082 41
4083 216
4084 263
4085 229
4086 0
4087 288
4088 235
4089 9
4090 99
4091 242
4092 159
4093 229
4094 17
4095 155
4096 220
4097 217
4098 251
4099 223
4100 200
4101 127
4102 320
4103 312
4104 88
4105 110
4106 237
4107 112
4108 237
4109 89
4110 266
4111 274
4112 182
4113 121
4114 63
4115 313
4116 107
4117 82
4118 278
4119 86
4120 122
4121 180
4122 232
4123 14
4124 30
4125 265
4126 72
4127 127
4128 205
4129 180
4130 246
4131 114
4132 214
4133 206
4134 3
4135 62
4136 7
4137 281
4138 162
4139 231
4140 113
4141 267
4142 81
4143 275
4144 18
4145 294
4146 56
4147 302
4148 157
4149 239
4150 82
4151 113
4152 264
4153 64
4154 47
4155 320
4156 274
4157 6
4158 252
4159 139
4160 253
4161 148
4162 101
4163 296
4164 137
4165 176
4166 2
4167 120
4168 52
4169 101
4170 273
4171 94
4172 15
4173 287
4174 310
4175 82
4176 99
4177 66
4178 173
4179 61
4180 135
4181 198
4182 288
4183 139
4184 168
4185 103
4186 322
4187 109
4188 214
4189 110
4190 129
4191 236
4192 126
4193 271
4194 166
4195 316
4196 224
4197 225
4198 111
4199 153
4200 117
4201 254
4202 35
4203 73
4204 137
4205 230
4206 90
4207 199
4208 284
4209 115
4210 314
4211 74
4212 173
4213 124
4214 194
4215 283
4216 88
4217 234
4218 218
4219 47
4220 306
4221 121
4222 50
4223 133
4224 208
4225 229
4226 282
4227 42
4228 39
4229 313
4230 35
4231 1
4232 186
4233 286
4234 19
4235 61
4236 296
4237 167
4238 23
4239 271
4240 37
4241 8
4242 80
4243 22
4244 68
4245 110
4246 53
4247 172
4248 216
4249 246
4250 266
4251 253
4252 309
4253 3
4254 65
4255 29
4256 56
4257 265
4258 61
4259 187
4260 141
4261 92
4262 12
4263 37
4264 309
4265 78
4266 86
4267 129
4268 158
4269 23
4270 49
4271 258
4272 300
4273 31
4274 141
4275 309
4276 261
4277 73
4278 69
4279 238
4280 229
4281 275
4282 81
4283 265
4284 319
4285 17
4286 129
4287 144
4288 71
4289 153
4290 153
4291 193
4292 34
4293 44
4294 271
4295 23
4296 302
4297 108
4298 304
4299 262
4300 268
4301 321
4302 239
4303 99
4304 92
4305 301
4306 147
4307 81
4308 85
4309 158
4310 255
4311 134
4312 278
4313 312
4314 137
4315 243
4316 210
4317 254
4318 272
4319 180
4320 233
4321 322
4322 69
4323 112
4324 311
4325 61
4326 271
4327 25
4328 40
4329 312
4330 115
4331 177
4332 102
4333 116
4334 215
4335 235
4336 185
4337 199
4338 209
4339 81
4340 235
4341 204
4342 255
4343 94
4344 252
4345 279
4346 183
4347 84
4348 240
4349 165
4350 227
4351 229
4352 100
4353 268
4354 215
4355 311
4356 209
4357 317
4358 54
4359 193
4360 48
4361 153
4362 314
4363 292
4364 262
4365 23
4366 270
4367 183
4368 319
4369 140
4370 116
4371 122
4372 213
4373 167
4374 269
4375 20
4376 39
4377 261
4378 41
4379 116
4380 131
4381 40
4382 3
4383 231
4384 51
4385 107
4386 99
4387 295
4388 46
4389 7
4390 295
4391 75
4392 125
4393 227
4394 253
4395 100
4396 292
4397 219
4398 294
4399 21
4400 140
4401 312
4402 101
4403 96
4404 314
4405 27
4406 38
4407 184
4408 35
4409 11
4410 302
4411 49
4412 17
4413 3
4414 17
4415 170
4416 148
4417 281
4418 267
4419 212
4420 111
4421 278
4422 309
4423 304
4424 270
4425 289
4426 291
4427 178
4428 2
4429 59
4430 243
4431 278
4432 310
4433 199
4434 89
4435 10
4436 229
4437 19
4438 60
4439 299
4440 255
4441 252
4442 116
4443 59
4444 15
4445 298
4446 143
4447 157
4448 19
4449 176
4450 121
4451 295
4452 120
4453 148
4454 245
4455 27
4456 109
4457 69
4458 169
4459 227
4460 230
4461 41
4462 90
4463 64
4464 152
4465 35
4466 128
4467 239
4468 116
4469 193
4470 223
4471 284
4472 262
4473 52
4474 91
4475 186
4476 282
4477 237
4478 225
4479 136
4480 26
4481 228
4482 135
4483 103
4484 242
4485 220
4486 83
4487 121
4488 48
4489 313
4490 277
4491 149
4492 243
4493 72
4494 151
4495 190
4496 157
4497 271
4498 224
4499 183
4500 239
4501 98
4502 242
4503 291
4504 87
4505 220
4506 273
4507 160
4508 285
4509 226
4510 253
4511 95
4512 78
4513 252
4514 114
4515 90
4516 274
4517 99
4518 284
4519 12
4520 318
4521 275
4522 219
4523 105
4524 145
4525 51
4526 34
4527 49
4528 171
4529 243
4530 274
4531 49
4532 264
4533 239
4534 194
4535 32
4536 264
4537 124
4538 264
4539 220
4540 123
4541 74
4542 145
4543 60
4544 52
4545 16
4546 13
4547 133
4548 235
4549 246
4550 19
4551 120
4552 313
4553 262
4554 47
4555 284
4556 113
4557 10
4558 263
4559 279
4560 317
4561 34
4562 50
4563 59
4564 123
4565 106
4566 265
4567 196
4568 120
4569 24
4570 267
4571 237
4572 205
4573 106
4574 271
4575 154
4576 246
4577 206
4578 198
4579 15
4580 134
4581 5
4582 313
4583 235
4584 247
4585 150
4586 78
4587 88
4588 164
4589 295
4590 129
4591 208
4592 153
4593 316
4594 214
4595 289
4596 86
4597 52
4598 252
4599 298
4600 298
4601 86
4602 160
4603 230
4604 312
4605 308
4606 137
4607 52
4608 289
4609 90
4610 76
4611 86
4612 186
4613 122
4614 172
4615 67
4616 75
4617 166
4618 8
4619 138
4620 130
4621 77
4622 202
4623 140
4624 267
4625 56
4626 153
4627 166
4628 12
4629 107
4630 28
4631 277
4632 219
4633 224
4634 312
4635 77
4636 214
4637 125
4638 102
4639 12
4640 289
4641 292
4642 272
4643 281
4644 33
4645 178
4646 4
4647 192
4648 168
4649 99
4650 37
4651 252
4652 277
4653 81
4654 206
4655 171
4656 107
4657 130
4658 77
4659 107
4660 36
4661 310
4662 320
4663 112
4664 198
4665 9
4666 49
4667 60
4668 229
4669 110
4670 187
4671 263
4672 178
4673 52
4674 255
4675 158
4676 263
4677 238
4678 257
4679 119
4680 210
4681 81
4682 34
4683 310
4684 42
4685 255
4686 276
4687 279
4688 15
4689 301
4690 209
4691 183
4692 246
4693 114
4694 283
4695 125
4696 76
4697 111
4698 78
4699 39
4700 221
4701 72
4702 313
4703 313
4704 164
4705 139
4706 126
4707 123
4708 308
4709 281
4710 169
4711 117
4712 305
4713 226
4714 278
4715 109
4716 170
4717 322
4718 249
4719 274
4720 128
4721 147
4722 59
4723 240
4724 41
4725 170
4726 238
4727 44
4728 259
4729 200
4730 22
4731 256
4732 251
4733 183
4734 4
4735 41
4736 111
4737 304
4738 55
4739 313
4740 117
4741 82
4742 90
4743 104
4744 45
4745 77
4746 111
4747 100
4748 65
4749 149
4750 26
4751 32
4752 74
4753 135
4754 99
4755 115
4756 154
4757 304
4758 239
4759 296
4760 62
4761 320
4762 268
4763 128
4764 252
4765 319
4766 146
4767 224
4768 257
4769 197
4770 206
4771 38
4772 161
4773 8
4774 198
4775 301
4776 24
4777 60
4778 259
4779 170
4780 250
4781 271
4782 199
4783 300
4784 317
4785 163
4786 258
4787 37
4788 300
4789 86
4790 13
4791 13
4792 53
4793 268
4794 296
4795 314
4796 17
4797 268
4798 281
4799 235
4800 189
4801 155
4802 321
4803 113
4804 76
4805 147
4806 29
4807 308
4808 242
4809 278
4810 199
4811 145
4812 139
4813 79
4814 287
4815 142
4816 125
4817 11
4818 252
4819 156
4820 135
4821 168
4822 193
4823 9
4824 133
4825 281
4826 207
4827 255
4828 164
4829 199
4830 129
4831 271
4832 303
4833 103
4834 222
4835 221
4836 173
4837 195
4838 256
4839 150
4840 232
4841 168
4842 250
4843 182
4844 162
4845 322
4846 289
4847 291
4848 59
4849 199
4850 49
4851 233
4852 195
4853 127
4854 165
4855 170
4856 156
4857 218
4858 275
4859 42
4860 74
4861 249
4862 120
4863 17
4864 181
4865 109
4866 254
4867 322
4868 184
4869 89
4870 129
4871 42
4872 84
4873 319
4874 188
4875 124
4876 193
4877 87
4878 58
4879 166
4880 239
4881 216
4882 168
4883 251
4884 172
4885 131
4886 19
4887 202
4888 50
4889 123
4890 201
4891 166
4892 229
4893 86
4894 131
4895 48
4896 56
4897 143
4898 128
4899 19
4900 14
4901 7
4902 191
4903 298
4904 206
4905 243
4906 147
4907 185
4908 60
4909 57
4910 265
4911 60
4912 106
4913 59
4914 115
4915 16
4916 147
4917 207
4918 121
4919 13
4920 194
4921 157
4922 74
4923 265
4924 103
4925 9
4926 9
4927 240
4928 240
4929 229
4930 57
4931 133
4932 147
4933 183
4934 313
4935 44
4936 176
4937 29
4938 7
4939 254
4940 235
4941 113
4942 252
4943 36
4944 19
4945 177
4946 229
4947 104
4948 147
4949 169
4950 169
4951 227
4952 7
4953 169
4954 105
4955 132
4956 63
4957 136
4958 285
4959 203
4960 115
4961 34
4962 94
4963 182
4964 236
4965 87
4966 213
4967 77
4968 263
4969 281
4970 89
4971 198
4972 279
4973 93
4974 254
4975 304
4976 126
4977 252
4978 151
4979 127
4980 158
4981 127
4982 277
4983 308
4984 201
4985 36
4986 277
4987 151
4988 296
4989 254
4990 257
4991 277
4992 105
4993 159
4994 220
4995 69
4996 149
4997 317
4998 47
4999 179
5000 65
5001 115
5002 84
5003 106
5004 57
5005 174
5006 108
5007 90
5008 154
5009 75
5010 320
5011 179
5012 122
5013 295
5014 306
5015 89
5016 251
5017 293
5018 259
5019 34
5020 48
5021 212
5022 222
5023 21
5024 114
5025 103
5026 153
5027 271
5028 175
5029 95
5030 128
5031 19
5032 292
5033 211
5034 96
5035 168
5036 39
5037 286
5038 10
5039 161
5040 183
5041 313
5042 210
5043 132
5044 17
5045 290
5046 283
5047 83
5048 273
5049 119
5050 39
5051 44
5052 27
5053 189
5054 264
5055 268
5056 190
5057 257
5058 97
5059 240
5060 47
5061 319
5062 229
5063 278
5064 113
5065 69
5066 303
5067 305
5068 183
5069 262
5070 59
5071 299
5072 294
5073 83
5074 5
5075 313
5076 313
5077 247
5078 47
5079 191
5080 252
5081 189
5082 105
5083 129
5084 169
5085 267
5086 307
5087 228
5088 240
5089 121
5090 176
5091 183
5092 104
5093 100
5094 233
5095 258
5096 190
5097 104
5098 139
5099 201
5100 223
5101 316
5102 299
5103 75
5104 119
5105 184
5106 150
5107 286
5108 211
5109 284
5110 198
5111 295
5112 183
5113 247
5114 254
5115 263
5116 213
5117 255
5118 100
5119 188
5120 104
5121 9
5122 76
5123 71
5124 302
5125 56
5126 204
5127 107
5128 123
5129 150
5130 242
5131 35
5132 42
5133 302
5134 41
5135 255
5136 316
5137 200
5138 19
5139 257
5140 298
5141 87
5142 61
5143 241
5144 295
5145 162
5146 296
5147 218
5148 179
5149 221
5150 264
5151 107
5152 259
5153 113
5154 189
5155 127
5156 302
5157 255
5158 259
5159 142
5160 168
5161 260
5162 320
5163 100
5164 91
5165 237
5166 46
5167 277
5168 286
5169 4
5170 96
5171 258
5172 299
5173 208
5174 264
5175 147
5176 111
5177 239
5178 177
5179 222
5180 13
5181 69
5182 309
5183 258
5184 91
5185 222
5186 260
5187 78
5188 310
5189 104
5190 206
5191 166
5192 60
5193 161
5194 14
5195 269
5196 15
5197 275
5198 288
5199 315
5200 42
5201 196
5202 321
5203 152
5204 134
5205 275
5206 208
5207 6
5208 301
5209 121
5210 284
5211 183
5212 73
5213 209
5214 224
5215 206
5216 9
5217 34
5218 259
5219 236
5220 50
5221 14
5222 11
5223 293
5224 134
5225 108
5226 47
5227 100
5228 288
5229 27
5230 121
5231 21
5232 14
5233 199
5234 54
5235 126
5236 305
5237 113
5238 20
5239 93
5240 94
5241 47
5242 202
5243 319
5244 215
5245 285
5246 89
5247 96
5248 117
5249 271
5250 248
5251 0
5252 320
5253 236
5254 232
5255 98
5256 100
5257 214
5258 176
5259 109
5260 52
5261 177
5262 250
5263 66
5264 53
5265 218
5266 243
5267 76
5268 105
5269 149
5270 103
5271 107
5272 102
5273 126
5274 164
5275 186
5276 226
5277 174
5278 200
5279 25
5280 226
5281 280
5282 64
5283 12
5284 222
5285 27
5286 202
5287 219
5288 127
5289 114
5290 82
5291 58
5292 120
5293 233
5294 12
5295 285
5296 27
5297 275
5298 89
5299 207
5300 171
5301 93
5302 8
5303 256
5304 165
5305 122
5306 59
5307 275
5308 2
5309 44
5310 144
5311 153
5312 47
5313 258
5314 34
5315 226
5316 318
5317 121
5318 200
5319 113
5320 185
5321 96
5322 180
5323 40
5324 156
5325 6
5326 38
5327 135
5328 175
5329 169
5330 1
5331 258
5332 142
5333 154
5334 309
5335 227
5336 62
5337 306
5338 55
5339 277
5340 281
5341 10
5342 138
5343 267
5344 207
5345 177
5346 314
5347 29
5348 206
5349 280
5350 293
5351 16
5352 225
5353 64
5354 306
5355 260
5356 61
5357 165
5358 209
5359 280
5360 149
5361 263
5362 239
5363 56
5364 250
5365 185
5366 210
5367 133
5368 133
5369 236
5370 134
5371 265
5372 42
5373 270
5374 209
5375 109
5376 52
5377 6
5378 195
5379 185
5380 280
5381 123
5382 53
5383 47
5384 77
5385 24
5386 3
5387 122
5388 35
5389 236
5390 180
5391 236
5392 3
5393 232
5394 12
5395 134
5396 294
5397 271
5398 114
5399 191
5400 53
5401 213
5402 22
5403 261
5404 251
5405 119
5406 171
5407 283
5408 307
5409 189
5410 48
5411 105
5412 295
5413 119
5414 269
5415 16
5416 46
5417 43
5418 34
5419 296
5420 122
5421 241
5422 27
5423 310
5424 268
5425 290
5426 232
5427 89
5428 253
5429 13
5430 242
5431 195
5432 52
5433 66
5434 130
5435 227
5436 233
5437 258
5438 237
5439 19
5440 208
5441 240
5442 303
5443 190
5444 217
5445 200
5446 115
5447 171
5448 104
5449 262
5450 182
5451 279
5452 171
5453 289
5454 168
5455 171
5456 104
5457 75
5458 19
5459 128
5460 313
5461 79
5462 40
5463 11
5464 288
5465 17
5466 260
5467 152
5468 164
5469 110
5470 173
5471 313
5472 138
5473 19
5474 63
5475 163
5476 20
5477 42
5478 123
5479 5
5480 301
5481 310
5482 209
5483 89
5484 97
5485 34
5486 320
5487 19
5488 89
5489 96
5490 32
5491 299
5492 85
5493 84
5494 153
5495 298
5496 43
5497 4
5498 199
5499 131
5500 168
5501 95
5502 309
5503 202
5504 158
5505 80
5506 185
5507 243
5508 136
5509 56
5510 9
5511 0
5512 152
5513 153
5514 75
5515 204
5516 249
5517 322
5518 53
5519 0
5520 268
5521 320
5522 141
5523 188
5524 136
5525 243
5526 220
5527 190
5528 283
5529 243
5530 274
5531 149
5532 12
5533 265
5534 268
5535 231
5536 7
5537 47
5538 284
5539 294
5540 292
5541 15
5542 202
5543 144
5544 89
5545 61
5546 198
5547 265
5548 89
5549 4
5550 140
5551 156
5552 277
5553 118
5554 89
5555 160
5556 208
5557 99
5558 227
5559 229
5560 57
5561 268
5562 278
5563 31
5564 4
5565 314
5566 226
5567 47
5568 40
5569 131
5570 174
5571 87
5572 168
5573 119
5574 188
5575 265
5576 247
5577 280
5578 172
5579 138
5580 214
5581 287
5582 167
5583 125
5584 17
5585 212
5586 35
5587 1
5588 83
5589 47
5590 137
5591 72
5592 110
5593 310
5594 239
5595 187
5596 311
5597 212
5598 188
5599 265
5600 314
5601 172
5602 147
5603 315
5604 98
5605 235
5606 242
5607 146
5608 299
5609 182
5610 307
5611 261
5612 109
5613 298
5614 117
5615 168
5616 251
5617 139
5618 216
5619 45
5620 99
5621 40
5622 159
5623 21
5624 298
5625 254
5626 100
5627 241
5628 220
5629 216
5630 65
5631 183
5632 28
5633 159
5634 154
5635 126
5636 71
5637 144
5638 278
5639 153
5640 251
5641 130
5642 177
5643 246
5644 135
5645 181
5646 50
5647 181
5648 52
5649 180
5650 37
5651 282
5652 215
5653 155
5654 98
5655 319
5656 281
5657 130
5658 71
5659 167
5660 320
5661 303
5662 39
5663 101
5664 113
5665 219
5666 226
5667 140
5668 234
5669 109
5670 171
5671 39
5672 16
5673 33
5674 54
5675 17
5676 37
5677 309
5678 237
5679 17
5680 281
5681 16
5682 35
5683 93
5684 187
5685 49
5686 85
5687 278
5688 57
5689 188
5690 250
5691 210
5692 240
5693 41
5694 282
5695 71
5696 310
5697 189
5698 171
5699 83
5700 11
5701 229
5702 315
5703 262
5704 55
5705 59
5706 255
5707 11
5708 83
5709 73
5710 226
5711 241
5712 256
5713 227
5714 97
5715 226
5716 117
5717 169
5718 73
5719 225
5720 32
5721 128
5722 211
5723 199
5724 157
5725 256
5726 59
5727 99
5728 138
5729 280
5730 24
5731 178
5732 26
5733 177
5734 13
5735 176
5736 238
5737 94
5738 88
5739 53
5740 121
5741 280
5742 16
5743 223
5744 185
5745 153
5746 16
5747 200
5748 225
5749 146
5750 129
5751 84
5752 254
5753 220
5754 292
5755 181
5756 90
5757 303
5758 36
5759 304
5760 15
5761 215
5762 70
5763 111
5764 103
5765 123
5766 311
5767 288
5768 290
5769 45
5770 269
5771 277
5772 102
5773 100
5774 214
5775 240
5776 181
5777 313
5778 15
5779 11
5780 141
5781 217
5782 193
5783 249
5784 167
5785 102
5786 24
5787 19
5788 244
5789 242
5790 120
5791 191
5792 230
5793 92
5794 109
5795 144
5796 276
5797 254
5798 147
5799 27
5800 59
5801 19
5802 33
5803 53
5804 140
5805 257
5806 43
5807 231
5808 207
5809 20
5810 267
5811 292
5812 35
5813 265
5814 176
5815 275
5816 165
5817 219
5818 217
5819 240
5820 85
5821 194
5822 85
5823 94
5824 162
5825 107
5826 15
5827 31
5828 57
5829 321
5830 239
5831 119
5832 250
5833 106
5834 227
5835 203
5836 133
5837 301
5838 261
5839 258
5840 60
5841 213
5842 260
5843 8
5844 4
5845 299
5846 111
5847 261
5848 5
5849 211
5850 153
5851 305
5852 87
5853 126
5854 223
5855 162
5856 79
5857 115
5858 110
5859 252
5860 315
5861 301
5862 164
5863 212
5864 285
5865 165
5866 33
5867 82
5868 289
5869 278
5870 47
5871 33
5872 164
5873 270
5874 287
5875 57
5876 137
5877 170
5878 162
5879 135
5880 271
5881 111
5882 216
5883 305
5884 254
5885 224
5886 272
5887 15
5888 122
5889 243
5890 28
5891 124
5892 142
5893 94
5894 80
5895 23
5896 198
5897 172
5898 277
5899 203
5900 243
5901 213
5902 45
5903 8
5904 249
5905 288
5906 20
5907 253
5908 314
5909 262
5910 253
5911 105
5912 241
5913 38
5914 129
5915 224
5916 105
5917 19
5918 148
5919 320
5920 90
5921 140
5922 274
5923 19
5924 270
5925 210
5926 130
5927 136
5928 53
5929 248
5930 230
5931 208
5932 119
5933 249
5934 200
5935 123
5936 276
5937 13
5938 198
5939 215
5940 92
5941 312
5942 300
5943 40
5944 166
5945 187
5946 111
5947 243
5948 118
5949 11
5950 59
5951 109
5952 244
5953 120
5954 212
5955 154
5956 304
5957 198
5958 33
5959 60
5960 187
5961 305
5962 13
5963 100
5964 25
5965 182
5966 76
5967 13
5968 252
5969 307
5970 138
5971 85
5972 307
5973 154
5974 273
5975 195
5976 142
5977 155
5978 278
5979 105
5980 208
5981 38
5982 238
5983 195
5984 190
5985 178
5986 209
5987 152
5988 10
5989 267
5990 158
5991 169
5992 216
5993 112
5994 271
5995 109
5996 178
5997 226
5998 62
5999 242
6000 291
6001 105
6002 281
6003 147
6004 72
6005 201
6006 33
6007 284
6008 125
6009 23
6010 11
6011 170
6012 295
6013 41
6014 124
6015 90
6016 178
6017 278
6018 115
6019 0
6020 8
6021 25
6022 245
6023 188
6024 39
6025 165
6026 260
6027 61
6028 298
6029 52
6030 129
6031 159
6032 272
6033 280
6034 58
6035 179
6036 188
6037 322
6038 232
6039 62
6040 246
6041 95
6042 186
6043 100
6044 311
6045 301
6046 312
6047 152
6048 106
6049 59
6050 298
6051 253
6052 19
6053 198
6054 207
6055 307
6056 190
6057 54
6058 68
6059 115
6060 118
6061 174
6062 52
6063 202
6064 99
6065 116
6066 74
6067 14
6068 83
6069 24
6070 317
6071 273
6072 231
6073 293
6074 189
6075 208
6076 57
6077 269
6078 259
6079 31
6080 59
6081 105
6082 34
6083 245
6084 81
6085 321
6086 112
6087 40
6088 212
6089 271
6090 158
6091 321
6092 78
6093 217
6094 233
6095 294
6096 311
6097 320
6098 240
6099 203
6100 290
6101 72
6102 36
6103 59
6104 117
6105 206
6106 265
6107 29
6108 73
6109 213
6110 252
6111 175
6112 4
6113 78
6114 59
6115 149
6116 5
6117 295
6118 103
6119 311
6120 96
6121 138
6122 76
6123 272
6124 27
6125 180
6126 81
6127 187
6128 241
6129 109
6130 236
6131 57
6132 227
6133 177
6134 149
6135 162
6136 319
6137 284
6138 253
6139 45
6140 304
6141 176
6142 240
6143 260
6144 111
6145 281
6146 205
6147 177
6148 223
6149 18
6150 165
6151 157
6152 112
6153 320
6154 155
6155 124
6156 272
6157 311
6158 11
6159 255
6160 51
6161 74
6162 258
6163 24
6164 39
6165 238
6166 319
6167 98
6168 294
6169 174
6170 76
6171 67
6172 294
6173 113
6174 301
6175 155
6176 128
6177 105
6178 129
6179 35
6180 3
6181 297
6182 170
6183 252
6184 275
6185 232
6186 140
6187 226
6188 252
6189 257
6190 273
6191 220
6192 154
6193 291
6194 237
6195 124
6196 270
6197 317
6198 210
6199 267
6200 271
6201 301
6202 281
6203 27
6204 127
6205 182
6206 2
6207 53
6208 83
6209 15
6210 204
6211 133
6212 281
6213 91
6214 293
6215 139
6216 192
6217 134
6218 134
6219 34
6220 63
6221 238
6222 9
6223 147
6224 135
6225 144
6226 312
6227 258
6228 75
6229 104
6230 81
6231 284
6232 163
6233 226
6234 169
6235 83
6236 69
6237 84
6238 161
6239 250
6240 52
6241 152
6242 146
6243 180
6244 207
6245 235
6246 9
6247 192
6248 19
6249 311
6250 62
6251 112
6252 94
6253 146
6254 22
6255 78
6256 283
6257 96
6258 104
6259 117
6260 139
6261 169
6262 197
6263 133
6264 43
6265 185
6266 245
6267 43
6268 313
6269 262
6270 160
6271 215
6272 67
6273 318
6274 103
6275 87
6276 299
6277 160
6278 23
6279 290
6280 122
6281 150
6282 283
6283 320
6284 152
6285 291
6286 23
6287 22
6288 308
6289 5
6290 70
6291 17
6292 157
6293 41
6294 212
6295 31
6296 124
6297 243
6298 282
6299 113
6300 135
6301 313
6302 171
6303 211
6304 297
6305 128
6306 153
6307 144
6308 217
6309 110
6310 59
6311 215
6312 292
6313 297
6314 10
6315 222
6316 75
6317 320
6318 209
6319 187
6320 104
6321 198
6322 108
6323 54
6324 12
6325 147
6326 73
6327 271
6328 243
6329 179
6330 110
6331 23
6332 24
6333 159
6334 202
6335 82
6336 215
6337 175
6338 35
6339 164
6340 235
6341 243
6342 318
6343 4
6344 153
6345 229
6346 138
6347 102
6348 1
6349 84
6350 138
6351 42
6352 11
6353 45
6354 125
6355 40
6356 85
6357 196
6358 49
6359 212
6360 19
6361 106
6362 263
6363 75
6364 183
6365 226
6366 34
6367 221
6368 137
6369 194
6370 279
6371 206
6372 262
6373 177
6374 4
6375 157
6376 196
6377 58
6378 225
6379 313
6380 168
6381 238
6382 70
6383 239
6384 170
6385 41
6386 143
6387 176
6388 114
6389 124
6390 23
6391 270
6392 265
6393 150
6394 226
6395 315
6396 243
6397 133
6398 57
6399 83
6400 254
6401 21
6402 105
6403 41
6404 13
6405 62
6406 85
6407 10
6408 174
6409 68
6410 203
6411 112
6412 192
6413 310
6414 138
6415 230
6416 19
6417 11
6418 86
6419 98
6420 0
6421 194
6422 303
6423 148
6424 161
6425 32
6426 51
6427 37
6428 229
6429 78
6430 136
6431 106
6432 283
6433 283
6434 4
6435 124
6436 282
6437 264
6438 95
6439 96
6440 124
6441 0
6442 60
6443 37
6444 120
6445 88
6446 295
6447 119
6448 233
6449 96
6450 294
6451 283
6452 158
6453 172
6454 73
6455 258
6456 227
6457 21
6458 137
6459 276
6460 226
6461 247
6462 85
6463 130
6464 70
6465 303
6466 276
6467 85
6468 184
6469 223
6470 79
6471 199
6472 264
6473 214
6474 179
6475 31
6476 113
6477 302
6478 256
6479 258
6480 128
6481 14
6482 73
6483 305
6484 253
6485 147
6486 190
6487 180
6488 207
6489 321
6490 265
6491 177
6492 13
6493 104
6494 239
6495 169
6496 109
6497 8
6498 310
6499 138
6500 98
6501 62
6502 25
6503 225
6504 49
6505 45
6506 286
6507 22
6508 85
6509 312
6510 196
6511 135
6512 129
6513 301
6514 43
6515 313
6516 182
6517 276
6518 311
6519 27
6520 266
6521 23
6522 205
6523 54
6524 130
6525 175
6526 232
6527 298
6528 149
6529 290
6530 95
6531 143
6532 320
6533 122
6534 266
6535 109
6536 218
6537 285
6538 133
6539 2
6540 299
6541 247
6542 301
6543 26
6544 203
6545 175
6546 118
6547 315
6548 126
6549 26
6550 61
6551 286
6552 266
6553 18
6554 8
6555 200
6556 68
6557 255
6558 145
6559 321
6560 215
6561 106
6562 282
6563 123
6564 129
6565 126
6566 321
6567 153
6568 312
6569 251
6570 156
6571 144
6572 248
6573 241
6574 114
6575 265
6576 49
6577 42
6578 296
6579 107
6580 289
6581 187
6582 283
6583 116
6584 157
6585 268
6586 187
6587 21
6588 187
6589 171
6590 60
6591 64
6592 286
6593 211
6594 282
6595 268
6596 10
6597 74
6598 16
6599 84
6600 280
6601 192
6602 208
6603 25
6604 137
6605 169
6606 195
6607 169
6608 185
6609 63
6610 34
6611 135
6612 17
6613 25
6614 3
6615 80
6616 160
6617 284
6618 56
6619 91
6620 229
6621 170
6622 234
6623 228
6624 235
6625 221
6626 169
6627 312
6628 265
6629 11
6630 52
6631 97
6632 143
6633 29
6634 213
6635 189
6636 168
6637 118
6638 34
6639 204
6640 233
6641 225
6642 281
6643 249
6644 199
6645 206
6646 133
6647 187
6648 64
6649 202
6650 177
6651 194
6652 195
6653 187
6654 180
6655 223
6656 15
6657 26
6658 262
6659 19
6660 209
6661 313
6662 35
6663 236
6664 269
6665 91
6666 290
6667 273
6668 308
6669 29
6670 251
6671 126
6672 127
6673 308
6674 139
6675 72
6676 280
6677 282
6678 199
6679 249
6680 138
6681 31
6682 174
6683 156
6684 83
6685 201
6686 243
6687 127
6688 257
6689 111
6690 89
6691 21
6692 6
6693 231
6694 135
6695 92
6696 118
6697 20
6698 277
6699 33
6700 10
6701 28
6702 130
6703 59
6704 246
6705 106
6706 74
6707 298
6708 295
6709 11
6710 101
6711 7
6712 23
6713 194
6714 295
6715 195
6716 114
6717 34
6718 176
6719 21
6720 225
6721 132
6722 48
6723 193
6724 64
6725 64
6726 175
6727 54
6728 15
6729 204
6730 47
6731 240
6732 35
6733 293
6734 307
6735 4
6736 180
6737 55
6738 49
6739 163
6740 81
6741 50
6742 115
6743 295
6744 255
6745 199
6746 187
6747 35
6748 52
6749 158
6750 289
6751 178
6752 150
6753 215
6754 268
6755 2
6756 112
6757 137
6758 83
6759 305
6760 134
6761 16
6762 245
6763 210
6764 98
6765 185
6766 312
6767 96
6768 283
6769 260
6770 248
6771 255
6772 56
6773 138
6774 157
6775 17
6776 14
6777 40
6778 180
6779 153
6780 154
6781 12
6782 197
6783 269
6784 143
6785 23
6786 288
6787 225
6788 104
6789 27
6790 236
6791 270
6792 40
6793 120
6794 154
6795 185
6796 103
6797 53
6798 237
6799 285
6800 250
6801 105
6802 0
6803 297
6804 322
6805 223
6806 220
6807 246
6808 294
6809 19
6810 207
6811 213
6812 169
6813 318
6814 254
6815 170
6816 2
6817 217
6818 166
6819 4
6820 285
6821 306
6822 206
6823 99
6824 312
6825 295
6826 44
6827 34
6828 244
6829 20
6830 5
6831 273
6832 70
6833 287
6834 183
6835 101
6836 92
6837 314
6838 55
6839 281
6840 30
6841 16
6842 220
6843 126
6844 264
6845 83
6846 61
6847 305
6848 259
6849 240
6850 157
6851 97
6852 195
6853 137
6854 110
6855 194
6856 40
6857 252
6858 185
6859 84
6860 9
6861 14
6862 81
6863 165
6864 303
6865 295
6866 265
6867 10
6868 153
6869 124
6870 110
6871 9
6872 163
6873 194
6874 52
6875 147
6876 93
6877 122
6878 3
6879 193
6880 315
6881 300
6882 168
6883 242
6884 72
6885 15
6886 298
6887 162
6888 221
6889 185
6890 89
6891 64
6892 147
6893 170
6894 315
6895 301
6896 10
6897 56
6898 90
6899 192
6900 195
6901 245
6902 212
6903 14
6904 197
6905 19
6906 283
6907 129
6908 197
6909 86
6910 203
6911 255
6912 277
6913 245
6914 227
6915 286
6916 290
6917 218
6918 249
6919 62
6920 316
6921 202
6922 74
6923 269
6924 240
6925 274
6926 28
6927 56
6928 27
6929 37
6930 169
6931 237
6932 43
6933 278
6934 197
6935 67
6936 243
6937 270
6938 174
6939 223
6940 210
6941 161
6942 104
6943 267
6944 1
6945 79
6946 17
6947 277
6948 151
6949 35
6950 231
6951 171
6952 91
6953 63
6954 266
6955 192
6956 1
6957 127
6958 163
6959 168
6960 7
6961 176
6962 2
6963 63
6964 81
6965 11
6966 34
6967 96
6968 239
6969 229
6970 23
6971 11
6972 10
6973 271
6974 252
6975 48
6976 142
6977 60
6978 40
6979 284
6980 260
6981 289
6982 168
6983 239
6984 119
6985 49
6986 305
6987 308
6988 235
6989 110
6990 261
6991 220
6992 299
6993 312
6994 196
6995 29
6996 111
6997 11
6998 8
6999 157
7000 61
7001 253
7002 9
7003 266
7004 96
7005 139
7006 256
7007 152
7008 321
7009 64
7010 255
7011 258
7012 180
7013 26
7014 227
7015 176
7016 295
7017 203
7018 124
7019 150
7020 281
7021 177
7022 308
7023 203
7024 125
7025 147
7026 178
7027 281
7028 120
7029 304
7030 142
7031 180
7032 289
7033 61
7034 319
7035 270
7036 262
7037 147
7038 261
7039 285
7040 312
7041 13
7042 233
7043 301
7044 151
7045 207
7046 217
7047 253
7048 117
7049 146
7050 88
7051 87
7052 157
7053 174
7054 232
7055 5
7056 41
7057 165
7058 109
7059 127
7060 130
7061 105
7062 38
7063 311
7064 281
7065 141
7066 230
7067 193
7068 46
7069 136
7070 31
7071 267
7072 297
7073 272
7074 302
7075 234
7076 206
7077 99
7078 136
7079 244
7080 134
7081 278
7082 36
7083 306
7084 55
7085 21
7086 111
7087 269
7088 273
7089 198
7090 100
7091 57
7092 96
7093 3
7094 160
7095 297
7096 26
7097 270
7098 56
7099 247
7100 90
7101 262
7102 141
7103 99
7104 268
7105 183
7106 268
7107 2
7108 288
7109 245
7110 254
7111 138
7112 11
7113 102
7114 104
7115 315
7116 105
7117 206
7118 183
7119 5
7120 238
7121 261
7122 9
7123 214
7124 180
7125 25
7126 138
7127 307
7128 227
7129 78
7130 16
7131 149
7132 146
7133 175
7134 161
7135 46
7136 83
7137 182
7138 305
7139 224
7140 28
7141 216
7142 254
7143 34
7144 314
7145 10
7146 194
7147 113
7148 316
7149 165
7150 206
7151 278
7152 203
7153 235
7154 79
7155 105
7156 115
7157 171
7158 85
7159 186
7160 135
7161 158
7162 142
7163 126
7164 110
7165 162
7166 1
7167 220
7168 292
7169 220
7170 263
7171 94
7172 294
7173 257
7174 94
7175 43
7176 232
7177 100
7178 204
7179 130
7180 167
7181 126
7182 191
7183 211
7184 237
7185 65
7186 295
7187 98
7188 283
7189 285
7190 26
7191 279
7192 253
7193 252
7194 233
7195 255
7196 294
7197 180
7198 62
7199 102
7200 267
7201 70
7202 133
7203 190
7204 118
7205 21
7206 265
7207 148
7208 226
7209 167
7210 45
7211 293
7212 318
7213 93
7214 202
7215 121
7216 221
7217 4
7218 22
7219 19
7220 201
7221 253
7222 63
7223 27
7224 258
7225 85
7226 48
7227 206
7228 310
7229 250
7230 182
7231 320
7232 233
7233 43
7234 33
7235 19
7236 9
7237 160
7238 188
7239 100
7240 120
7241 305
7242 193
7243 120
7244 24
7245 60
7246 42
7247 4
7248 221
7249 114
7250 69
7251 211
7252 318
7253 181
7254 238
7255 240
7256 258
7257 318
7258 195
7259 182
7260 229
7261 68
7262 170
7263 170
7264 245
7265 195
7266 306
7267 196
7268 281
7269 129
7270 141
7271 207
7272 169
7273 70
7274 158
7275 111
7276 86
7277 135
7278 268
7279 112
7280 195
7281 276
7282 223
7283 63
7284 203
7285 40
7286 57
7287 230
7288 159
7289 153
7290 4
7291 173
7292 272
7293 11
7294 61
7295 138
7296 129
7297 45
7298 169
7299 277
7300 155
7301 203
7302 215
7303 214
7304 216
7305 271
7306 167
7307 3
7308 155
7309 181
7310 319
7311 39
7312 291
7313 41
7314 26
7315 92
7316 270
7317 88
7318 101
7319 276
7320 200
7321 51
7322 292
7323 217
7324 76
7325 46
7326 222
7327 301
7328 0
7329 159
7330 19
7331 304
7332 106
7333 0
7334 113
7335 217
7336 95
7337 110
7338 300
7339 295
7340 221
7341 6
7342 28
7343 192
7344 79
7345 132
7346 316
7347 101
7348 79
7349 99
7350 2
7351 210
7352 208
7353 20
7354 69
7355 267
7356 12
7357 33
7358 255
7359 10
7360 29
7361 198
7362 168
7363 69
7364 194
7365 177
7366 128
7367 204
7368 301
7369 262
7370 321
7371 27
7372 133
7373 316
7374 111
7375 255
7376 153
7377 213
7378 129
7379 271
7380 76
7381 57
7382 49
7383 115
7384 144
7385 187
7386 34
7387 146
7388 69
7389 0
7390 105
7391 253
7392 191
7393 120
7394 149
7395 132
7396 196
7397 239
7398 255
7399 289
7400 291
7401 239
7402 6
7403 212
7404 202
7405 61
7406 32
7407 272
7408 13
7409 167
7410 135
7411 134
7412 317
7413 301
7414 199
7415 120
7416 4
7417 227
7418 95
7419 173
7420 167
7421 207
7422 116
7423 307
7424 303
7425 308
7426 30
7427 66
7428 94
7429 248
7430 266
7431 188
7432 216
7433 18
7434 32
7435 115
7436 204
7437 300
7438 216
7439 219
7440 318
7441 269
7442 66
7443 123
7444 217
7445 115
7446 309
7447 167
7448 303
7449 321
7450 69
7451 295
7452 48
7453 218
7454 108
7455 170
7456 302
7457 267
7458 292
7459 228
7460 30
7461 105
7462 109
7463 239
7464 301
7465 156
7466 60
7467 33
7468 119
7469 86
7470 36
7471 155
7472 169
7473 71
7474 79
7475 81
7476 270
7477 189
7478 307
7479 164
7480 10
7481 171
7482 300
7483 158
7484 287
7485 181
7486 251
7487 134
7488 105
7489 8
7490 108
7491 14
7492 221
7493 265
7494 47
7495 182
7496 138
7497 9
7498 119
7499 199
7500 97
7501 194
7502 13
7503 213
7504 54
7505 92
7506 107
7507 128
7508 231
7509 2
7510 113
7511 312
7512 110
7513 75
7514 227
7515 91
7516 89
7517 238
7518 113
7519 204
7520 301
7521 72
7522 192
7523 215
7524 299
7525 234
7526 17
7527 282
7528 129
7529 129
7530 306
7531 134
7532 115
7533 272
7534 29
7535 128
7536 199
7537 212
7538 284
7539 306
7540 66
7541 56
7542 176
7543 218
7544 11
7545 164
7546 168
7547 161
7548 183
7549 39
7550 224
7551 130
7552 9
7553 84
7554 17
7555 203
7556 120
7557 19
7558 139
7559 74
7560 316
7561 306
7562 194
7563 239
7564 100
7565 164
7566 19
7567 178
7568 178
7569 236
7570 314
7571 137
7572 260
7573 255
7574 167
7575 101
7576 43
7577 28
7578 288
7579 254
7580 24
7581 294
7582 26
7583 268
7584 302
7585 184
7586 175
7587 13
7588 21
7589 224
7590 117
7591 72
7592 65
7593 257
7594 261
7595 33
7596 24
7597 161
7598 321
7599 253
7600 27
7601 294
7602 93
7603 60
7604 194
7605 158
7606 98
7607 252
7608 226
7609 226
7610 255
7611 263
7612 133
7613 183
7614 139
7615 20
7616 281
7617 254
7618 289
7619 153
7620 42
7621 194
7622 225
7623 233
7624 320
7625 21
7626 116
7627 175
7628 268
7629 13
7630 299
7631 108
7632 80
7633 253
7634 80
7635 194
7636 183
7637 84
7638 69
7639 20
7640 263
7641 141
7642 75
7643 304
7644 109
7645 209
7646 117
7647 207
7648 238
7649 216
7650 126
7651 40
7652 104
7653 69
7654 210
7655 81
7656 73
7657 209
7658 157
7659 240
7660 86
7661 11
7662 226
7663 180
7664 64
7665 75
7666 266
7667 153
7668 154
7669 164
7670 111
7671 271
7672 302
7673 212
7674 200
7675 289
7676 11
7677 214
7678 35
7679 34
7680 322
7681 218
7682 265
7683 162
7684 109
7685 188
7686 125
7687 257
7688 217
7689 36
7690 320
7691 54
7692 83
7693 61
7694 104
7695 88
7696 91
7697 125
7698 260
7699 223
7700 40
7701 179
7702 7
7703 87
7704 87
7705 133
7706 244
7707 314
7708 144
7709 42
7710 166
7711 2
7712 265
7713 196
7714 262
7715 267
7716 71
7717 253
7718 234
7719 117
7720 267
7721 16
7722 224
7723 312
7724 170
7725 182
7726 198
7727 163
7728 54
7729 132
7730 301
7731 261
7732 101
7733 57
7734 52
7735 298
7736 118
7737 147
7738 311
7739 13
7740 8
7741 44
7742 78
7743 208
7744 70
7745 256
7746 229
7747 243
7748 141
7749 49
7750 180
7751 112
7752 51
7753 118
7754 264
7755 187
7756 35
7757 304
7758 120
7759 210
7760 5
7761 138
7762 119
7763 38
7764 27
7765 41
7766 110
7767 229
7768 147
7769 176
7770 182
7771 247
7772 81
7773 110
7774 27
7775 121
7776 194
7777 97
7778 18
7779 116
7780 98
7781 43
7782 317
7783 157
7784 79
7785 210
7786 210
7787 300
7788 153
7789 184
7790 5
7791 116
7792 248
7793 137
7794 76
7795 315
7796 90
7797 58
7798 150
7799 86
7800 135
7801 17
7802 87
7803 251
7804 143
7805 105
7806 220
7807 315
7808 289
7809 169
7810 156
7811 16
7812 27
7813 320
7814 141
7815 43
7816 150
7817 109
7818 80
7819 123
7820 205
7821 84
7822 12
7823 321
7824 68
7825 105
7826 131
7827 253
7828 149
7829 19
7830 125
7831 121
7832 293
7833 34
7834 151
7835 82
7836 313
7837 65
7838 48
7839 65
7840 159
7841 51
7842 107
7843 312
7844 119
7845 31
7846 184
7847 96
7848 170
7849 31
7850 16
7851 257
7852 174
7853 233
7854 127
7855 90
7856 10
7857 44
7858 51
7859 124
7860 42
7861 197
7862 35
7863 186
7864 83
7865 188
7866 229
7867 142
7868 256
7869 51
7870 287
7871 201
7872 295
7873 309
7874 275
7875 111
7876 42
7877 112
7878 183
7879 73
7880 271
7881 208
7882 305
7883 236
7884 255
7885 175
7886 49
7887 171
7888 283
7889 169
7890 12
7891 78
7892 69
7893 287
7894 203
7895 255
7896 68
7897 276
7898 289
7899 175
7900 247
7901 137
7902 121
7903 315
7904 194
7905 191
7906 272
7907 206
7908 219
7909 198
7910 235
7911 139
7912 176
7913 10
7914 260
7915 11
7916 235
7917 171
7918 68
7919 45
7920 84
7921 199
7922 115
7923 193
7924 280
7925 143
7926 294
7927 176
7928 81
7929 26
7930 308
7931 37
7932 240
7933 299
7934 157
7935 236
7936 298
7937 270
7938 196
7939 292
7940 75
7941 28
7942 0
7943 91
7944 64
7945 121
7946 306
7947 127
7948 237
7949 179
7950 252
7951 296
7952 65
7953 32
7954 69
7955 201
7956 149
7957 223
7958 106
7959 56
7960 321
7961 274
7962 140
7963 140
7964 191
7965 119
7966 207
7967 184
7968 94
7969 277
7970 101
7971 226
7972 191
7973 80
7974 218
7975 27
7976 83
7977 20
7978 21
7979 89
7980 12
7981 207
7982 220
7983 301
7984 70
7985 151
7986 215
7987 232
7988 233
7989 194
7990 4
7991 23
7992 312
7993 182
7994 110
7995 250
7996 116
7997 235
7998 184
7999 10
8000 183
8001 109
8002 61
8003 35
8004 168
8005 320
8006 302
8007 312
8008 233
8009 215
8010 104
8011 296
8012 96
8013 253
8014 34
8015 287
8016 315
8017 315
8018 256
8019 137
8020 213
8021 163
8022 116
8023 279
8024 299
8025 12
8026 4
8027 313
8028 322
8029 153
8030 266
8031 21
8032 267
8033 76
8034 50
8035 188
8036 9
8037 164
8038 111
8039 194
8040 111
8041 52
8042 281
8043 235
8044 187
8045 52
8046 170
8047 21
8048 242
8049 305
8050 35
8051 120
8052 286
8053 247
8054 321
8055 295
8056 132
8057 314
8058 138
8059 0
8060 126
8061 283
8062 56
8063 112
8064 167
8065 140
8066 154
8067 197
8068 48
8069 29
8070 71
8071 80
8072 264
8073 158
8074 155
8075 131
8076 200
8077 0
8078 219
8079 271
8080 126
8081 126
8082 122
8083 77
8084 224
8085 29
8086 51
8087 276
8088 190
8089 304
8090 94
8091 105
8092 220
8093 321
8094 119
8095 184
8096 77
8097 185
8098 6
8099 215
8100 161
8101 104
8102 252
8103 68
8104 46
8105 189
8106 97
8107 53
8108 276
8109 81
8110 129
8111 148
8112 290
8113 187
8114 33
8115 308
8116 268
8117 206
8118 165
8119 35
8120 248
8121 66
8122 155
8123 142
8124 276
8125 275
8126 99
8127 26
8128 134
8129 13
8130 4
8131 299
8132 300
8133 289
8134 288
8135 193
8136 260
8137 50
8138 268
8139 97
8140 171
8141 89
8142 155
8143 259
8144 271
8145 92
8146 171
8147 89
8148 223
8149 238
8150 135
8151 129
8152 16
8153 98
8154 135
8155 69
8156 89
8157 311
8158 258
8159 226
8160 118
8161 178
8162 40
8163 57
8164 147
8165 143
8166 271
8167 158
8168 187
8169 116
8170 270
8171 68
8172 27
8173 109
8174 204
8175 298
8176 211
8177 206
8178 295
8179 277
8180 56
8181 182
8182 31
8183 104
8184 86
8185 43
8186 204
8187 58
8188 213
8189 135
8190 193
8191 41
8192 32
8193 233
8194 151
8195 5
8196 51
8197 95
8198 166
8199 215
8200 196
8201 79
8202 148
8203 140
8204 203
8205 154
8206 156
8207 7
8208 179
8209 74
8210 279
8211 211
8212 128
8213 39
8214 303
8215 136
8216 86
8217 181
8218 185
8219 276
8220 78
8221 160
8222 147
8223 84
8224 124
8225 39
8226 12
8227 113
8228 128
8229 129
8230 312
8231 266
8232 277
8233 126
8234 286
8235 30
8236 210
8237 231
8238 132
8239 35
8240 285
8241 283
8242 242
8243 252
8244 208
8245 76
8246 187
8247 34
8248 138
8249 294
8250 168
8251 210
8252 274
8253 257
8254 168
8255 167
8256 137
8257 140
8258 258
8259 47
8260 190
8261 34
8262 211
8263 34
8264 110
8265 253
8266 52
8267 82
8268 96
8269 17
8270 113
8271 10
8272 194
8273 120
8274 135
8275 193
8276 190
8277 286
8278 97
8279 7
8280 231
8281 170
8282 81
8283 288
8284 94
8285 160
8286 259
8287 134
8288 42
8289 207
8290 60
8291 285
8292 238
8293 95
8294 284
8295 299
8296 13
8297 162
8298 21
8299 180
8300 278
8301 1
8302 301
8303 110
8304 9
8305 121
8306 41
8307 50
8308 90
8309 47
8310 224
8311 173
8312 29
8313 14
8314 163
8315 23
8316 301
8317 228
8318 274
8319 47
8320 188
8321 241
8322 52
8323 319
8324 167
8325 159
8326 296
8327 316
8328 12
8329 80
8330 56
8331 307
8332 64
8333 232
8334 110
8335 218
8336 244
8337 235
8338 180
8339 6
8340 273
8341 24
8342 244
8343 190
8344 24
8345 125
8346 44
8347 309
8348 196
8349 79
8350 295
8351 272
8352 244
8353 94
8354 11
8355 210
8356 129
8357 49
8358 156
8359 267
8360 321
8361 295
8362 196
8363 0
8364 65
8365 161
8366 128
8367 231
8368 217
8369 0
8370 321
8371 3
8372 227
8373 187
8374 169
8375 87
8376 241
8377 79
8378 103
8379 65
8380 59
8381 196
8382 265
8383 260
8384 260
8385 147
8386 9
8387 169
8388 54
8389 304
8390 148
8391 164
8392 187
8393 112
8394 138
8395 72
8396 316
8397 315
8398 173
8399 287
8400 40
8401 27
8402 291
8403 229
8404 307
8405 145
8406 17
8407 69
8408 29
8409 10
8410 264
8411 157
8412 171
8413 266
8414 94
8415 321
8416 32
8417 115
8418 224
8419 214
8420 162
8421 28
8422 196
8423 131
8424 282
8425 103
8426 239
8427 198
8428 76
8429 29
8430 183
8431 44
8432 129
8433 42
8434 92
8435 119
8436 312
8437 252
8438 238
8439 56
8440 110
8441 254
8442 229
8443 185
8444 262
8445 74
8446 77
8447 232
8448 212
8449 216
8450 220
8451 277
8452 17
8453 286
8454 253
8455 43
8456 223
8457 133
8458 150
8459 300
8460 151
8461 102
8462 181
8463 170
8464 7
8465 148
8466 205
8467 279
8468 158
8469 83
8470 43
8471 310
8472 109
8473 128
8474 136
8475 136
8476 223
8477 264
8478 285
8479 77
8480 140
8481 37
8482 244
8483 159
8484 16
8485 31
8486 160
8487 30
8488 24
8489 85
8490 48
8491 24
8492 54
8493 295
8494 291
8495 253
8496 268
8497 10
8498 26
8499 226
8500 168
8501 208
8502 148
8503 194
8504 37
8505 111
8506 120
8507 33
8508 12
8509 21
8510 169
8511 268
8512 41
8513 74
8514 195
8515 174
8516 300
8517 65
8518 79
8519 275
8520 145
8521 60
8522 187
8523 54
8524 72
8525 276
8526 208
8527 310
8528 235
8529 225
8530 273
8531 69
8532 42
8533 123
8534 279
8535 227
8536 253
8537 227
8538 59
8539 49
8540 10
8541 148
8542 40
8543 207
8544 124
8545 202
8546 300
8547 1
8548 285
8549 306
8550 134
8551 158
8552 96
8553 211
8554 227
8555 47
8556 165
8557 43
8558 304
8559 84
8560 33
8561 61
8562 247
8563 277
8564 77
8565 133
8566 98
8567 110
8568 199
8569 137
8570 78
8571 214
8572 182
8573 25
8574 299
8575 10
8576 115
8577 76
8578 143
8579 32
8580 266
8581 170
8582 269
8583 262
8584 29
8585 90
8586 183
8587 318
8588 303
8589 158
8590 102
8591 308
8592 180
8593 269
8594 267
8595 318
8596 149
8597 293
8598 170
8599 4
8600 319
8601 55
8602 153
8603 74
8604 62
8605 286
8606 245
8607 281
8608 108
8609 212
8610 7
8611 117
8612 35
8613 192
8614 231
8615 225
8616 104
8617 185
8618 16
8619 275
8620 139
8621 83
8622 183
8623 277
8624 265
8625 128
8626 312
8627 208
8628 102
8629 286
8630 227
8631 318
8632 60
8633 160
8634 122
8635 138
8636 294
8637 198
8638 258
8639 216
8640 11
8641 207
8642 239
8643 66
8644 206
8645 120
8646 210
8647 4
8648 50
8649 112
8650 235
8651 264
8652 135
8653 85
8654 113
8655 104
8656 304
8657 169
8658 119
8659 162
8660 2
8661 204
8662 178
8663 20
8664 35
8665 5
8666 33
8667 310
8668 62
8669 17
8670 50
8671 216
8672 207
8673 14
8674 185
8675 61
8676 173
8677 40
8678 239
8679 17
8680 124
8681 322
8682 310
8683 256
8684 230
8685 194
8686 321
8687 81
8688 60
8689 236
8690 226
8691 147
8692 205
8693 129
8694 129
8695 232
8696 4
8697 211
8698 201
8699 32
8700 300
8701 221
8702 42
8703 165
8704 103
8705 86
8706 50
8707 178
8708 71
8709 84
8710 208
8711 200
8712 57
8713 72
8714 286
8715 74
8716 197
8717 44
8718 64
8719 186
8720 183
8721 9
8722 91
8723 290
8724 248
8725 43
8726 249
8727 241
8728 15
8729 96
8730 177
8731 119
8732 134
8733 320
8734 41
8735 100
8736 88
8737 2
8738 152
8739 127
8740 58
8741 49
8742 74
8743 171
8744 161
8745 28
8746 137
8747 257
8748 119
8749 169
8750 34
8751 147
8752 226
8753 187
8754 196
8755 230
8756 290
8757 268
8758 83
8759 113
8760 45
8761 269
8762 322
8763 188
8764 230
8765 281
8766 128
8767 126
8768 69
8769 241
8770 57
8771 171
8772 55
8773 56
8774 17
8775 206
8776 187
8777 64
8778 289
8779 252
8780 223
8781 305
8782 57
8783 223
8784 271
8785 120
8786 277
8787 264
8788 89
8789 133
8790 223
8791 11
8792 119
8793 182
8794 152
8795 194
8796 299
8797 193
8798 314
8799 255
8800 282
8801 271
8802 88
8803 124
8804 139
8805 231
8806 289
8807 173
8808 214
8809 263
8810 208
8811 100
8812 198
8813 196
8814 76
8815 307
8816 113
8817 5
8818 96
8819 219
8820 119
8821 176
8822 43
8823 228
8824 75
8825 52
8826 256
8827 52
8828 187
8829 210
8830 126
8831 138
8832 295
8833 312
8834 292
8835 287
8836 148
8837 318
8838 154
8839 188
8840 242
8841 322
8842 289
8843 237
8844 48
8845 243
8846 215
8847 3
8848 75
8849 125
8850 34
8851 53
8852 205
8853 53
8854 46
8855 91
8856 260
8857 67
8858 95
8859 298
8860 145
8861 247
8862 173
8863 68
8864 39
8865 167
8866 223
8867 206
8868 141
8869 25
8870 8
8871 63
8872 124
8873 188
8874 212
8875 308
8876 276
8877 300
8878 52
8879 144
8880 196
8881 45
8882 290
8883 65
8884 132
8885 120
8886 134
8887 52
8888 77
8889 68
8890 169
8891 157
8892 96
8893 263
8894 260
8895 96
8896 66
8897 293
8898 264
8899 12
8900 19
8901 4
8902 320
8903 182
8904 256
8905 11
8906 50
8907 144
8908 74
8909 240
8910 250
8911 137
8912 12
8913 169
8914 26
8915 128
8916 47
8917 153
8918 227
8919 238
8920 311
8921 213
8922 133
8923 227
8924 205
8925 221
8926 177
8927 5
8928 310
8929 198
8930 116
8931 303
8932 212
8933 306
8934 200
8935 0
8936 307
8937 306
8938 218
8939 40
8940 85
8941 284
8942 117
8943 45
8944 213
8945 60
8946 69
8947 68
8948 171
8949 213
8950 125
8951 21
8952 202
8953 112
8954 134
8955 86
8956 59
8957 151
8958 153
8959 17
8960 251
8961 6
8962 223
8963 181
8964 100
8965 188
8966 193
8967 230
8968 319
8969 193
8970 39
8971 246
8972 319
8973 136
8974 271
8975 313
8976 244
8977 94
8978 12
8979 269
8980 134
8981 245
8982 54
8983 82
8984 86
8985 4
8986 209
8987 238
8988 321
8989 241
8990 141
8991 81
8992 92
8993 253
8994 160
8995 321
8996 214
8997 29
8998 257
8999 235
9000 308
9001 105
9002 255
9003 170
9004 145
9005 35
9006 40
9007 312
9008 232
9009 89
9010 96
9011 205
9012 123
9013 248
9014 301
9015 253
9016 229
9017 85
9018 156
9019 18
9020 104
9021 156
9022 263
9023 301
9024 21
9025 11
9026 196
9027 262
9028 212
9029 299
9030 16
9031 183
9032 213
9033 212
9034 203
9035 217
9036 299
9037 263
9038 262
9039 69
9040 119
9041 255
9042 260
9043 85
9044 59
9045 263
9046 57
9047 5
9048 279
9049 280
9050 50
9051 257
9052 180
9053 214
9054 171
9055 203
9056 300
9057 129
9058 88
9059 157
9060 199
9061 235
9062 111
9063 163
9064 242
9065 52
9066 100
9067 19
9068 238
9069 278
9070 258
9071 18
9072 300
9073 128
9074 202
9075 52
9076 29
9077 184
9078 164
9079 116
9080 241
9081 35
9082 279
9083 38
9084 212
9085 239
9086 42
9087 248
9088 171
9089 167
9090 209
9091 124
9092 91
9093 134
9094 123
9095 22
9096 169
9097 127
9098 26
9099 152
9100 85
9101 197
9102 165
9103 103
9104 121
9105 99
9106 248
9107 181
9108 100
9109 140
9110 6
9111 166
9112 151
9113 253
9114 187
9115 232
9116 224
9117 281
9118 274
9119 8
9120 105
9121 210
9122 272
9123 171
9124 308
9125 312
9126 185
9127 178
9128 31
9129 16
9130 211
9131 122
9132 20
9133 206
9134 57
9135 306
9136 18
9137 297
9138 303
9139 267
9140 320
9141 36
9142 53
9143 212
9144 245
9145 227
9146 206
9147 271
9148 222
9149 83
9150 102
9151 85
9152 261
9153 64
9154 300
9155 81
9156 4
9157 143
9158 147
9159 93
9160 199
9161 50
9162 265
9163 169
9164 25
9165 237
9166 17
9167 96
9168 213
9169 104
9170 173
9171 91
9172 247
9173 152
9174 315
9175 35
9176 119
9177 16
9178 275
9179 245
9180 233
9181 262
9182 59
9183 27
9184 76
9185 91
9186 298
9187 322
9188 228
9189 63
9190 75
9191 241
9192 100
9193 209
9194 193
9195 275
9196 43
9197 316
9198 199
9199 173
9200 232
9201 37
9202 117
9203 256
9204 296
9205 266
9206 252
9207 268
9208 35
9209 196
9210 156
9211 307
9212 113
9213 313
9214 94
9215 313
9216 230
9217 127
9218 229
9219 305
9220 107
9221 291
9222 202
9223 71
9224 71
9225 138
9226 81
9227 43
9228 272
9229 85
9230 196
9231 174
9232 95
9233 100
9234 107
9235 51
9236 140
9237 200
9238 169
9239 67
9240 179
9241 65
9242 143
9243 293
9244 311
9245 126
9246 247
9247 30
9248 281
9249 9
9250 208
9251 198
9252 286
9253 151
9254 159
9255 97
9256 50
9257 35
9258 54
9259 17
9260 117
9261 7
9262 189
9263 203
9264 199
9265 278
9266 34
9267 13
9268 119
9269 0
9270 54
9271 59
9272 200
9273 21
9274 174
9275 310
9276 36
9277 183
9278 13
9279 60
9280 177
9281 107
9282 80
9283 169
9284 195
9285 11
9286 233
9287 199
9288 108
9289 204
9290 196
9291 36
9292 29
9293 200
9294 279
9295 113
9296 293
9297 278
9298 225
9299 209
9300 267
9301 17
9302 9
9303 112
9304 157
9305 252
9306 212
9307 253
9308 14
9309 112
9310 251
9311 120
9312 125
9313 121
9314 286
9315 88
9316 157
9317 21
9318 239
9319 204
9320 71
9321 289
9322 206
9323 254
9324 99
9325 52
9326 110
9327 21
9328 46
9329 207
9330 246
9331 278
9332 183
9333 9
9334 15
9335 156
9336 215
9337 180
9338 149
9339 227
9340 14
9341 227
9342 12
9343 137
9344 279
9345 305
9346 217
9347 19
9348 217
9349 186
9350 98
9351 224
9352 133
9353 120
9354 18
9355 47
9356 11
9357 115
9358 1
9359 134
9360 30
9361 60
9362 320
9363 146
9364 91
9365 197
9366 43
9367 53
9368 157
9369 155
9370 84
9371 113
9372 159
9373 180
9374 45
9375 174
9376 55
9377 38
9378 31
9379 93
9380 88
9381 24
9382 186
9383 113
9384 31
9385 228
9386 4
9387 60
9388 176
9389 153
9390 169
9391 102
9392 184
9393 89
9394 78
9395 318
9396 192
9397 253
9398 171
9399 235
9400 59
9401 195
9402 60
9403 47
9404 92
9405 168
9406 160
9407 108
9408 225
9409 161
9410 199
9411 305
9412 107
9413 64
9414 49
9415 119
9416 34
9417 178
9418 192
9419 301
9420 240
9421 262
9422 289
9423 125
9424 210
9425 175
9426 60
9427 211
9428 213
9429 255
9430 210
9431 258
9432 187
9433 203
9434 60
9435 233
9436 233
9437 204
9438 32
9439 120
9440 2
9441 25
9442 145
9443 236
9444 110
9445 312
9446 237
9447 196
9448 248
9449 213
9450 173
9451 245
9452 88
9453 139
9454 284
9455 86
9456 137
9457 13
9458 52
9459 227
9460 173
9461 56
9462 99
9463 183
9464 213
9465 79
9466 10
9467 66
9468 77
9469 54
9470 304
9471 178
9472 152
9473 186
9474 72
9475 41
9476 205
9477 88
9478 102
9479 104
9480 167
9481 286
9482 58
9483 310
9484 16
9485 305
9486 120
9487 58
9488 184
9489 68
9490 72
9491 79
9492 257
9493 17
9494 159
9495 30
9496 210
9497 94
9498 119
9499 25
9500 31
9501 225
9502 268
9503 198
9504 166
9505 281
9506 59
9507 194
9508 304
9509 93
9510 12
9511 59
9512 120
9513 268
9514 283
9515 49
9516 122
9517 52
9518 79
9519 33
9520 171
9521 249
9522 85
9523 267
9524 137
9525 68
9526 182
9527 19
9528 195
9529 195
9530 20
9531 27
9532 7
9533 59
9534 181
9535 268
9536 34
9537 118
9538 246
9539 235
9540 256
9541 162
9542 11
9543 28
9544 175
9545 168
9546 172
9547 33
9548 229
9549 158
9550 54
9551 101
9552 161
9553 259
9554 142
9555 105
9556 144
9557 120
9558 276
9559 146
9560 311
9561 187
9562 284
9563 272
9564 182
9565 153
9566 173
9567 260
9568 238
9569 133
9570 253
9571 317
9572 234
9573 84
9574 205
9575 300
9576 208
9577 143
9578 128
9579 133
9580 121
9581 66
9582 90
9583 81
9584 4
9585 164
9586 153
9587 199
9588 248
9589 88
9590 41
9591 302
9592 209
9593 41
9594 313
9595 184
9596 57
9597 266
9598 95
9599 300
9600 88
9601 155
9602 249
9603 258
9604 136
9605 214
9606 298
9607 143
9608 166
9609 319
9610 196
9611 18
9612 54
9613 254
9614 62
9615 315
9616 216
9617 268
9618 27
9619 150
9620 274
9621 159
9622 42
9623 186
9624 205
9625 248
9626 124
9627 182
9628 301
9629 14
9630 202
9631 274
9632 24
9633 25
9634 301
9635 166
9636 139
9637 228
9638 39
9639 18
9640 96
9641 296
9642 35
9643 243
9644 254
9645 70
9646 4
9647 306
9648 277
9649 87
9650 301
9651 268
9652 318
9653 113
9654 268
9655 255
9656 286
9657 226
9658 235
9659 271
9660 95
9661 237
9662 66
9663 136
9664 180
9665 292
9666 162
9667 288
9668 13
9669 263
9670 12
9671 291
9672 180
9673 57
9674 192
9675 261
9676 304
9677 157
9678 69
9679 29
9680 25
9681 40
9682 311
9683 128
9684 52
9685 267
9686 190
9687 227
9688 269
9689 42
9690 155
9691 59
9692 212
9693 177
9694 132
9695 157
9696 72
9697 286
9698 214
9699 278
9700 109
9701 75
9702 240
9703 146
9704 271
9705 261
9706 58
9707 134
9708 187
9709 22
9710 139
9711 98
9712 286
9713 83
9714 175
9715 77
9716 314
9717 170
9718 228
9719 321
9720 108
9721 185
9722 256
9723 195
9724 227
9725 150
9726 99
9727 212
9728 109
9729 9
9730 249
9731 315
9732 140
9733 146
9734 320
9735 36
9736 214
9737 237
9738 11
9739 191
9740 135
9741 122
9742 199
9743 23
9744 296
9745 270
9746 320
9747 282
9748 67
9749 315
9750 162
9751 68
9752 238
9753 59
9754 165
9755 95
9756 85
9757 117
9758 248
9759 113
9760 12
9761 65
9762 74
9763 121
9764 285
9765 119
9766 186
9767 97
9768 92
9769 228
9770 186
9771 317
9772 281
9773 190
9774 300
9775 306
9776 295
9777 295
9778 250
9779 44
9780 297
9781 96
9782 195
9783 113
9784 186
9785 254
9786 292
9787 240
9788 69
9789 2
9790 77
9791 155
9792 112
9793 293
9794 184
9795 297
9796 162
9797 77
9798 269
9799 21
9800 62
9801 236
9802 303
9803 79
9804 236
9805 244
9806 158
9807 172
9808 89
9809 233
9810 144
9811 11
9812 191
9813 222
9814 34
9815 59
9816 204
9817 297
9818 235
9819 268
9820 313
9821 170
9822 72
9823 295
9824 33
9825 228
9826 116
9827 49
9828 285
9829 240
9830 212
9831 285
9832 199
9833 321
9834 196
9835 86
9836 109
9837 60
9838 164
9839 47
9840 84
9841 112
9842 284
9843 99
9844 76
9845 146
9846 52
9847 4
9848 40
9849 272
9850 304
9851 175
9852 286
9853 5
9854 144
9855 158
9856 302
9857 35
9858 133
9859 322
9860 271
9861 209
9862 314
9863 141
9864 22
9865 235
9866 36
9867 201
9868 225
9869 302
9870 308
9871 269
9872 289
9873 244
9874 234
9875 321
9876 279
9877 142
9878 186
9879 309
9880 72
9881 0
9882 322
9883 185
9884 109
9885 91
9886 57
9887 253
9888 127
9889 56
9890 198
9891 232
9892 190
9893 261
9894 57
9895 74
9896 87
9897 299
9898 230
9899 237
9900 196
9901 316
9902 250
9903 82
9904 150
9905 118
9906 214
9907 319
9908 171
9909 114
9910 235
9911 165
9912 107
9913 186
9914 208
9915 10
9916 244
9917 258
9918 47
9919 107
9920 320
9921 132
9922 84
9923 263
9924 171
9925 3
9926 236
9927 198
9928 260
9929 196
9930 239
9931 99
9932 208
9933 210
9934 78
9935 79
9936 119
9937 30
9938 133
9939 110
9940 40
9941 39
9942 304
9943 111
9944 231
9945 183
9946 81
9947 32
9948 281
9949 144
9950 241
9951 255
9952 114
9953 259
9954 129
9955 75
9956 195
9957 31
9958 177
9959 310
9960 35
9961 210
9962 134
9963 61
9964 252
9965 126
9966 195
9967 313
9968 11
9969 253
9970 213
9971 58
9972 224
9973 260
9974 186
9975 245
9976 180
9977 6
9978 49
9979 52
9980 151
9981 245
9982 133
9983 281
9984 163
9985 202
9986 117
9987 202
9988 10
9989 95
9990 240
9991 216
9992 172
9993 76
9994 220
9995 150
9996 215
9997 131
9998 248
9999 267
