0 54
1 156
2 67
3 4
4 94
5 156
6 85
7 8
8 132
9 14
10 88
11 62
12 159
13 56
14 29
15 64
16 121
17 114
18 22
19 32
20 54
21 153
22 159
23 1
24 15
25 7
26 147
27 159
28 68
29 55
30 54
31 114
32 127
33 52
34 16
35 148
36 146
37 12
38 42
39 62
40 89
41 8
42 23
43 26
44 142
45 39
46 109
47 152
48 101
49 110
50 72
51 43
52 76
53 109
54 62
55 160
56 25
57 117
58 86
59 40
60 1
61 34
62 160
63 62
64 77
65 53
66 91
67 79
68 141
69 26
70 99
71 103
72 112
73 148
74 144
75 134
76 71
77 124
78 92
79 50
80 46
81 9
82 48
83 132
84 10
85 52
86 61
87 121
88 20
89 82
90 116
91 63
92 35
93 1
94 159
95 100
96 11
97 15
98 9
99 48
100 68
101 119
102 14
103 133
104 69
105 154
106 150
107 143
108 65
109 158
110 136
111 155
112 0
113 35
114 128
115 153
116 23
117 87
118 110
119 82
120 34
121 84
122 158
123 124
124 136
125 94
126 1
127 78
128 144
129 51
130 113
131 129
132 93
133 29
134 17
135 11
136 119
137 127
138 30
139 85
140 105
141 37
142 62
143 109
144 18
145 105
146 145
147 146
148 115
149 75
150 135
151 12
152 131
153 146
154 58
155 46
156 116
157 5
158 131
159 148
160 97
161 31
162 23
163 92
164 110
165 95
166 133
167 66
168 35
169 146
170 160
171 31
172 95
173 7
174 140
175 121
176 155
177 83
178 152
179 109
180 126
181 114
182 112
183 41
184 39
185 76
186 10
187 142
188 100
189 134
190 57
191 2
192 24
193 78
194 143
195 149
196 159
197 102
198 136
199 68
200 66
201 87
202 18
203 129
204 71
205 90
206 119
207 130
208 99
209 83
210 88
211 69
212 130
213 96
214 67
215 108
216 91
217 21
218 18
219 17
220 38
221 51
222 42
223 80
224 66
225 45
226 9
227 97
228 159
229 14
230 78
231 133
232 3
233 141
234 13
235 48
236 6
237 28
238 102
239 39
240 149
241 78
242 84
243 10
244 153
245 136
246 152
247 139
248 79
249 124
250 156
251 70
252 105
253 129
254 50
255 96
256 144
257 146
258 53
259 108
260 132
261 111
262 106
263 54
264 106
265 26
266 25
267 75
268 37
269 37
270 28
271 6
272 147
273 161
274 80
275 120
276 123
277 118
278 139
279 138
280 59
281 10
282 121
283 6
284 16
285 11
286 156
287 85
288 94
289 68
290 35
291 150
292 44
293 81
294 34
295 20
296 86
297 160
298 157
299 90
300 68
301 66
302 118
303 86
304 128
305 109
306 36
307 35
308 113
309 82
310 71
311 155
312 82
313 79
314 119
315 46
316 149
317 84
318 94
319 119
320 101
321 92
322 161
323 134
324 115
325 113
326 50
327 56
328 0
329 35
330 37
331 23
332 26
333 15
334 96
335 71
336 64
337 108
338 78
339 73
340 83
341 21
342 31
343 41
344 133
345 35
346 27
347 114
348 151
349 70
350 35
351 18
352 91
353 74
354 32
355 116
356 41
357 13
358 70
359 92
360 126
361 30
362 34
363 35
364 24
365 69
366 21
367 33
368 43
369 123
370 67
371 126
372 89
373 8
374 141
375 65
376 96
377 126
378 133
379 141
380 34
381 38
382 42
383 116
384 28
385 146
386 47
387 4
388 100
389 145
390 38
391 3
392 86
393 138
394 111
395 56
396 85
397 156
398 55
399 40
400 119
401 55
402 63
403 80
404 123
405 147
406 138
407 34
408 145
409 58
410 80
411 47
412 105
413 60
414 95
415 159
416 118
417 35
418 27
419 145
420 152
421 62
422 142
423 69
424 43
425 49
426 157
427 66
428 8
429 142
430 133
431 124
432 138
433 71
434 65
435 112
436 53
437 34
438 82
439 123
440 47
441 98
442 82
443 55
444 61
445 76
446 76
447 141
448 0
449 129
450 41
451 88
452 72
453 74
454 141
455 102
456 99
457 19
458 21
459 12
460 153
461 153
462 98
463 18
464 9
465 30
466 67
467 33
468 82
469 144
470 108
471 143
472 99
473 17
474 105
475 1
476 61
477 101
478 16
479 37
480 48
481 140
482 11
483 28
484 56
485 66
486 80
487 32
488 6
489 158
490 108
491 161
492 116
493 139
494 106
495 71
496 122
497 28
498 40
499 70
500 157
501 134
502 147
503 45
504 104
505 130
506 149
507 135
508 72
509 120
510 15
511 107
512 43
513 102
514 104
515 106
516 33
517 117
518 159
519 28
520 56
521 59
522 48
523 75
524 84
525 85
526 151
527 133
528 106
529 155
530 120
531 145
532 144
533 135
534 57
535 31
536 80
537 36
538 103
539 103
540 52
541 12
542 41
543 34
544 150
545 147
546 105
547 36
548 87
549 98
550 100
551 81
552 56
553 1
554 78
555 87
556 154
557 35
558 81
559 7
560 57
561 55
562 88
563 79
564 95
565 21
566 21
567 92
568 160
569 52
570 109
571 35
572 118
573 35
574 132
575 114
576 102
577 124
578 161
579 74
580 18
581 29
582 79
583 83
584 11
585 9
586 129
587 109
588 78
589 18
590 45
591 68
592 66
593 123
594 35
595 94
596 10
597 36
598 158
599 61
600 10
601 127
602 75
603 44
604 129
605 136
606 133
607 110
608 83
609 132
610 154
611 35
612 136
613 59
614 61
615 96
616 77
617 158
618 42
619 135
620 151
621 79
622 66
623 157
624 11
625 97
626 129
627 85
628 71
629 29
630 136
631 15
632 95
633 105
634 149
635 113
636 140
637 111
638 151
639 26
640 5
641 11
642 30
643 116
644 53
645 75
646 97
647 99
648 128
649 85
650 19
651 2
652 104
653 88
654 116
655 19
656 1
657 122
658 147
659 102
660 153
661 75
662 73
663 129
664 127
665 91
666 128
667 46
668 93
669 87
670 115
671 102
672 81
673 68
674 62
675 120
676 81
677 81
678 3
679 1
680 76
681 70
682 63
683 68
684 137
685 94
686 130
687 99
688 147
689 43
690 73
691 58
692 23
693 112
694 100
695 37
696 50
697 24
698 2
699 92
700 3
701 114
702 94
703 18
704 83
705 9
706 101
707 141
708 8
709 29
710 143
711 108
712 132
713 94
714 80
715 26
716 72
717 11
718 132
719 38
720 13
721 18
722 58
723 71
724 95
725 118
726 67
727 129
728 133
729 75
730 29
731 105
732 102
733 57
734 61
735 145
736 89
737 133
738 61
739 13
740 32
741 66
742 123
743 48
744 135
745 24
746 42
747 28
748 56
749 155
750 152
751 39
752 56
753 24
754 113
755 149
756 41
757 36
758 21
759 67
760 43
761 15
762 142
763 35
764 30
765 25
766 140
767 61
768 63
769 61
770 107
771 149
772 104
773 45
774 62
775 159
776 151
777 17
778 61
779 107
780 59
781 107
782 28
783 157
784 151
785 150
786 72
787 136
788 7
789 80
790 5
791 115
792 95
793 58
794 46
795 145
796 66
797 48
798 46
799 110
800 138
801 137
802 155
803 47
804 63
805 68
806 73
807 76
808 124
809 1
810 52
811 119
812 95
813 29
814 149
815 92
816 48
817 50
818 154
819 68
820 30
821 44
822 121
823 67
824 9
825 100
826 68
827 134
828 82
829 50
830 100
831 125
832 67
833 90
834 7
835 87
836 46
837 45
838 87
839 155
840 60
841 113
842 0
843 30
844 41
845 50
846 127
847 130
848 108
849 158
850 75
851 48
852 38
853 134
854 101
855 49
856 161
857 79
858 161
859 116
860 37
861 150
862 125
863 49
864 142
865 146
866 125
867 76
868 40
869 154
870 74
871 140
872 68
873 85
874 45
875 80
876 86
877 45
878 144
879 94
880 53
881 158
882 74
883 67
884 96
885 137
886 40
887 76
888 146
889 100
890 96
891 64
892 78
893 83
894 142
895 136
896 70
897 38
898 151
899 36
900 132
901 119
902 94
903 15
904 118
905 145
906 147
907 68
908 73
909 89
910 77
911 27
912 36
913 153
914 43
915 111
916 12
917 68
918 109
919 124
920 85
921 126
922 140
923 1
924 80
925 82
926 99
927 8
928 14
929 23
930 4
931 37
932 60
933 128
934 25
935 138
936 121
937 77
938 82
939 19
940 140
941 137
942 60
943 74
944 83
945 84
946 63
947 36
948 10
949 151
950 56
951 30
952 34
953 7
954 151
955 160
956 85
957 61
958 32
959 122
960 72
961 21
962 27
963 93
964 130
965 47
966 136
967 73
968 111
969 40
970 42
971 20
972 61
973 41
974 40
975 132
976 76
977 40
978 99
979 35
980 57
981 39
982 130
983 144
984 97
985 151
986 68
987 3
988 10
989 161
990 75
991 85
992 149
993 113
994 48
995 116
996 41
997 132
998 96
999 99
1000 71
1001 144
1002 43
1003 106
1004 107
1005 48
1006 131
1007 128
1008 91
1009 89
1010 158
1011 137
1012 141
1013 59
1014 67
1015 67
1016 17
1017 17
1018 75
1019 107
1020 14
1021 96
1022 8
1023 104
1024 24
1025 16
1026 30
1027 75
1028 48
1029 70
1030 123
1031 150
1032 17
1033 111
1034 70
1035 25
1036 6
1037 68
1038 54
1039 42
1040 73
1041 122
1042 80
1043 14
1044 72
1045 119
1046 95
1047 151
1048 124
1049 112
1050 110
1051 61
1052 25
1053 94
1054 56
1055 42
1056 145
1057 95
1058 114
1059 82
1060 82
1061 4
1062 121
1063 45
1064 4
1065 112
1066 91
1067 82
1068 3
1069 19
1070 137
1071 100
1072 132
1073 23
1074 132
1075 8
1076 147
1077 94
1078 21
1079 105
1080 55
1081 37
1082 124
1083 2
1084 50
1085 126
1086 72
1087 27
1088 58
1089 161
1090 101
1091 72
1092 88
1093 45
1094 29
1095 37
1096 64
1097 67
1098 66
1099 155
1100 90
1101 132
1102 26
1103 45
1104 18
1105 75
1106 38
1107 160
1108 142
1109 43
1110 115
1111 2
1112 67
1113 91
1114 151
1115 50
1116 103
1117 11
1118 11
1119 91
1120 141
1121 119
1122 30
1123 1
1124 99
1125 63
1126 49
1127 29
1128 83
1129 7
1130 155
1131 43
1132 125
1133 70
1134 68
1135 104
1136 50
1137 157
1138 3
1139 116
1140 66
1141 6
1142 100
1143 11
1144 33
1145 59
1146 73
1147 67
1148 89
1149 146
1150 17
1151 144
1152 102
1153 96
1154 10
1155 2
1156 19
1157 7
1158 131
1159 106
1160 79
1161 77
1162 135
1163 117
1164 102
1165 150
1166 135
1167 29
1168 18
1169 95
1170 108
1171 119
1172 144
1173 122
1174 109
1175 62
1176 116
1177 105
1178 47
1179 114
1180 7
1181 35
1182 75
1183 106
1184 23
1185 46
1186 25
1187 50
1188 60
1189 63
1190 22
1191 58
1192 56
1193 131
1194 134
1195 119
1196 52
1197 143
1198 104
1199 66
1200 50
1201 34
1202 33
1203 37
1204 34
1205 143
1206 44
1207 44
1208 135
1209 0
1210 41
1211 24
1212 62
1213 65
1214 128
1215 66
1216 83
1217 37
1218 69
1219 12
1220 88
1221 115
1222 31
1223 130
1224 158
1225 42
1226 71
1227 127
1228 92
1229 42
1230 34
1231 140
1232 101
1233 76
1234 143
1235 51
1236 151
1237 26
1238 115
1239 18
1240 37
1241 102
1242 50
1243 32
1244 127
1245 34
1246 132
1247 133
1248 40
1249 113
1250 45
1251 63
1252 34
1253 117
1254 28
1255 45
1256 0
1257 142
1258 32
1259 49
1260 18
1261 156
1262 74
1263 110
1264 70
1265 110
1266 75
1267 33
1268 37
1269 26
1270 76
1271 155
1272 137
1273 91
1274 25
1275 38
1276 142
1277 33
1278 53
1279 153
1280 147
1281 29
1282 159
1283 27
1284 154
1285 103
1286 131
1287 102
1288 94
1289 135
1290 58
1291 155
1292 122
1293 114
1294 102
1295 149
1296 51
1297 49
1298 46
1299 68
1300 32
1301 5
1302 54
1303 102
1304 119
1305 97
1306 94
1307 95
1308 83
1309 100
1310 88
1311 23
1312 74
1313 94
1314 94
1315 80
1316 111
1317 158
1318 114
1319 31
1320 109
1321 57
1322 34
1323 98
1324 36
1325 111
1326 91
1327 1
1328 149
1329 50
1330 150
1331 92
1332 125
1333 128
1334 113
1335 5
1336 143
1337 12
1338 110
1339 61
1340 103
1341 15
1342 137
1343 66
1344 88
1345 151
1346 98
1347 35
1348 102
1349 34
1350 62
1351 124
1352 2
1353 151
1354 22
1355 17
1356 73
1357 137
1358 144
1359 136
1360 71
1361 8
1362 151
1363 140
1364 7
1365 97
1366 67
1367 129
1368 123
1369 53
1370 69
1371 42
1372 6
1373 57
1374 80
1375 17
1376 85
1377 109
1378 10
1379 155
1380 161
1381 38
1382 63
1383 60
1384 94
1385 161
1386 91
1387 38
1388 43
1389 67
1390 151
1391 41
1392 21
1393 65
1394 140
1395 77
1396 130
1397 48
1398 89
1399 157
1400 154
1401 153
1402 13
1403 128
1404 156
1405 61
1406 44
1407 4
1408 65
1409 21
1410 60
1411 138
1412 14
1413 87
1414 121
1415 15
1416 85
1417 101
1418 54
1419 111
1420 86
1421 147
1422 156
1423 129
1424 123
1425 4
1426 43
1427 144
1428 124
1429 47
1430 100
1431 8
1432 86
1433 115
1434 5
1435 105
1436 68
1437 98
1438 81
1439 73
1440 75
1441 160
1442 44
1443 114
1444 83
1445 9
1446 56
1447 40
1448 69
1449 32
1450 51
1451 142
1452 128
1453 160
1454 119
1455 141
1456 31
1457 20
1458 81
1459 68
1460 126
1461 16
1462 13
1463 37
1464 82
1465 99
1466 58
1467 123
1468 115
1469 119
1470 28
1471 77
1472 93
1473 73
1474 17
1475 93
1476 19
1477 30
1478 29
1479 79
1480 141
1481 126
1482 55
1483 45
1484 99
1485 117
1486 126
1487 77
1488 114
1489 18
1490 3
1491 8
1492 150
1493 71
1494 77
1495 128
1496 51
1497 110
1498 130
1499 91
1500 6
1501 6
1502 48
1503 6
1504 77
1505 68
1506 68
1507 94
1508 119
1509 109
1510 32
1511 161
1512 136
1513 144
1514 34
1515 10
1516 104
1517 96
1518 49
1519 21
1520 131
1521 69
1522 114
1523 144
1524 8
1525 145
1526 137
1527 67
1528 58
1529 151
1530 74
1531 29
1532 84
1533 96
1534 77
1535 26
1536 17
1537 23
1538 143
1539 118
1540 7
1541 67
1542 0
1543 42
1544 35
1545 16
1546 143
1547 87
1548 31
1549 31
1550 19
1551 146
1552 42
1553 18
1554 157
1555 108
1556 5
1557 84
1558 85
1559 154
1560 107
1561 70
1562 25
1563 54
1564 31
1565 73
1566 25
1567 1
1568 148
1569 142
1570 40
1571 16
1572 142
1573 20
1574 121
1575 106
1576 48
1577 143
1578 46
1579 40
1580 50
1581 123
1582 63
1583 81
1584 32
1585 67
1586 46
1587 112
1588 12
1589 125
1590 79
1591 92
1592 147
1593 51
1594 117
1595 30
1596 58
1597 30
1598 158
1599 13
1600 82
1601 75
1602 30
1603 30
1604 11
1605 137
1606 158
1607 129
1608 22
1609 37
1610 146
1611 21
1612 104
1613 49
1614 2
1615 37
1616 48
1617 159
1618 78
1619 111
1620 42
1621 6
1622 61
1623 64
1624 90
1625 19
1626 49
1627 69
1628 19
1629 151
1630 81
1631 1
1632 11
1633 105
1634 27
1635 63
1636 84
1637 124
1638 79
1639 159
1640 15
1641 96
1642 39
1643 43
1644 6
1645 21
1646 72
1647 153
1648 28
1649 69
1650 10
1651 91
1652 54
1653 140
1654 19
1655 140
1656 140
1657 6
1658 66
1659 111
1660 12
1661 75
1662 108
1663 37
1664 145
1665 47
1666 45
1667 65
1668 98
1669 118
1670 84
1671 5
1672 14
1673 91
1674 160
1675 133
1676 140
1677 106
1678 134
1679 72
1680 5
1681 151
1682 75
1683 79
1684 148
1685 157
1686 96
1687 120
1688 151
1689 22
1690 106
1691 118
1692 8
1693 0
1694 35
1695 34
1696 122
1697 73
1698 96
1699 57
1700 76
1701 54
1702 148
1703 160
1704 24
1705 34
1706 86
1707 134
1708 51
1709 41
1710 14
1711 68
1712 96
1713 140
1714 5
1715 96
1716 61
1717 22
1718 34
1719 143
1720 160
1721 9
1722 2
1723 68
1724 145
1725 37
1726 146
1727 129
1728 90
1729 23
1730 3
1731 12
1732 68
1733 72
1734 46
1735 34
1736 129
1737 63
1738 69
1739 153
1740 127
1741 106
1742 82
1743 27
1744 65
1745 80
1746 136
1747 105
1748 39
1749 32
1750 3
1751 78
1752 48
1753 68
1754 8
1755 72
1756 30
1757 34
1758 101
1759 78
1760 30
1761 161
1762 90
1763 125
1764 29
1765 74
1766 63
1767 33
1768 75
1769 110
1770 161
1771 141
1772 79
1773 110
1774 38
1775 25
1776 3
1777 141
1778 38
1779 33
1780 8
1781 132
1782 34
1783 119
1784 79
1785 145
1786 149
1787 71
1788 53
1789 104
1790 33
1791 91
1792 126
1793 106
1794 63
1795 23
1796 63
1797 64
1798 38
1799 40
1800 75
1801 56
1802 158
1803 5
1804 57
1805 11
1806 140
1807 122
1808 9
1809 106
1810 79
1811 15
1812 156
1813 82
1814 4
1815 148
1816 156
1817 138
1818 57
1819 4
1820 49
1821 118
1822 112
1823 104
1824 46
1825 60
1826 130
1827 137
1828 73
1829 131
1830 134
1831 98
1832 112
1833 129
1834 121
1835 76
1836 125
1837 1
1838 103
1839 1
1840 8
1841 40
1842 88
1843 120
1844 93
1845 41
1846 102
1847 151
1848 1
1849 111
1850 103
1851 161
1852 71
1853 137
1854 66
1855 130
1856 10
1857 125
1858 158
1859 81
1860 60
1861 155
1862 121
1863 91
1864 137
1865 29
1866 120
1867 110
1868 45
1869 90
1870 39
1871 149
1872 11
1873 158
1874 35
1875 118
1876 78
1877 153
1878 161
1879 143
1880 30
1881 149
1882 112
1883 32
1884 150
1885 78
1886 144
1887 66
1888 141
1889 132
1890 101
1891 97
1892 14
1893 99
1894 33
1895 70
1896 152
1897 102
1898 89
1899 0
1900 155
1901 6
1902 50
1903 158
1904 130
1905 86
1906 142
1907 17
1908 37
1909 65
1910 10
1911 25
1912 33
1913 108
1914 105
1915 72
1916 25
1917 149
1918 45
1919 103
1920 129
1921 116
1922 147
1923 15
1924 7
1925 47
1926 63
1927 66
1928 118
1929 70
1930 107
1931 2
1932 154
1933 73
1934 53
1935 68
1936 96
1937 44
1938 125
1939 65
1940 47
1941 25
1942 95
1943 129
1944 8
1945 138
1946 134
1947 129
1948 94
1949 106
1950 142
1951 148
1952 64
1953 94
1954 84
1955 34
1956 103
1957 73
1958 55
1959 69
1960 116
1961 146
1962 161
1963 8
1964 103
1965 79
1966 137
1967 36
1968 43
1969 82
1970 99
1971 2
1972 160
1973 73
1974 161
1975 69
1976 69
1977 72
1978 104
1979 83
1980 43
1981 60
1982 14
1983 3
1984 24
1985 13
1986 80
1987 151
1988 67
1989 43
1990 40
1991 60
1992 144
1993 11
1994 147
1995 130
1996 38
1997 7
1998 17
1999 113
2000 90
2001 47
2002 147
2003 152
2004 36
2005 110
2006 39
2007 11
2008 74
2009 42
2010 150
2011 127
2012 124
2013 137
2014 158
2015 130
2016 14
2017 19
2018 18
2019 75
2020 45
2021 85
2022 134
2023 3
2024 113
2025 157
2026 125
2027 17
2028 62
2029 108
2030 99
2031 72
2032 23
2033 63
2034 91
2035 63
2036 24
2037 42
2038 48
2039 61
2040 82
2041 77
2042 158
2043 4
2044 120
2045 0
2046 49
2047 53
2048 54
2049 44
2050 158
2051 105
2052 78
2053 137
2054 131
2055 83
2056 11
2057 46
2058 86
2059 3
2060 25
2061 37
2062 41
2063 29
2064 22
2065 64
2066 121
2067 32
2068 159
2069 78
2070 53
2071 153
2072 45
2073 120
2074 54
2075 156
2076 5
2077 118
2078 112
2079 33
2080 157
2081 103
2082 59
2083 1
2084 145
2085 129
2086 34
2087 140
2088 88
2089 1
2090 79
2091 74
2092 76
2093 106
2094 125
2095 147
2096 95
2097 22
2098 39
2099 50
2100 36
2101 80
2102 66
2103 71
2104 39
2105 141
2106 9
2107 94
2108 40
2109 97
2110 0
2111 113
2112 50
2113 8
2114 100
2115 35
2116 107
2117 120
2118 100
2119 11
2120 125
2121 92
2122 50
2123 45
2124 27
2125 99
2126 160
2127 9
2128 129
2129 36
2130 82
2131 112
2132 40
2133 18
2134 123
2135 102
2136 111
2137 17
2138 140
2139 101
2140 89
2141 115
2142 77
2143 123
2144 142
2145 110
2146 100
2147 63
2148 30
2149 129
2150 26
2151 59
2152 3
2153 160
2154 70
2155 45
2156 102
2157 13
2158 65
2159 126
2160 113
2161 69
2162 145
2163 17
2164 161
2165 116
2166 100
2167 45
2168 89
2169 74
2170 11
2171 9
2172 70
2173 118
2174 119
2175 61
2176 142
2177 89
2178 4
2179 105
2180 54
2181 113
2182 105
2183 14
2184 111
2185 59
2186 135
2187 118
2188 88
2189 57
2190 141
2191 133
2192 110
2193 78
2194 32
2195 80
2196 58
2197 55
2198 120
2199 88
2200 44
2201 22
2202 36
2203 128
2204 56
2205 128
2206 67
2207 59
2208 81
2209 12
2210 33
2211 94
2212 148
2213 68
2214 69
2215 123
2216 71
2217 150
2218 75
2219 83
2220 74
2221 83
2222 40
2223 19
2224 75
2225 133
2226 74
2227 126
2228 101
2229 124
2230 61
2231 33
2232 71
2233 39
2234 126
2235 142
2236 95
2237 20
2238 142
2239 50
2240 1
2241 43
2242 125
2243 142
2244 152
2245 153
2246 101
2247 97
2248 158
2249 136
2250 131
2251 36
2252 77
2253 82
2254 17
2255 90
2256 102
2257 43
2258 95
2259 127
2260 93
2261 78
2262 11
2263 110
2264 41
2265 48
2266 61
2267 124
2268 158
2269 155
2270 67
2271 109
2272 30
2273 116
2274 12
2275 69
2276 18
2277 68
2278 30
2279 145
2280 24
2281 134
2282 17
2283 161
2284 53
2285 89
2286 50
2287 127
2288 90
2289 97
2290 25
2291 45
2292 136
2293 50
2294 84
2295 70
2296 13
2297 107
2298 7
2299 105
2300 2
2301 45
2302 17
2303 158
2304 128
2305 68
2306 12
2307 24
2308 29
2309 22
2310 25
2311 64
2312 16
2313 101
2314 104
2315 68
2316 97
2317 53
2318 44
2319 63
2320 102
2321 141
2322 156
2323 18
2324 32
2325 154
2326 95
2327 57
2328 56
2329 100
2330 103
2331 122
2332 65
2333 74
2334 158
2335 154
2336 80
2337 62
2338 25
2339 55
2340 74
2341 68
2342 131
2343 134
2344 93
2345 31
2346 57
2347 119
2348 69
2349 76
2350 75
2351 161
2352 152
2353 110
2354 37
2355 75
2356 86
2357 148
2358 16
2359 71
2360 71
2361 41
2362 94
2363 89
2364 110
2365 64
2366 122
2367 31
2368 76
2369 38
2370 161
2371 65
2372 126
2373 34
2374 149
2375 114
2376 110
2377 22
2378 161
2379 37
2380 110
2381 1
2382 126
2383 141
2384 27
2385 90
2386 38
2387 9
2388 90
2389 58
2390 33
2391 49
2392 119
2393 83
2394 43
2395 129
2396 112
2397 110
2398 144
2399 105
2400 99
2401 29
2402 108
2403 148
2404 130
2405 73
2406 1
2407 102
2408 144
2409 119
2410 21
2411 24
2412 129
2413 143
2414 37
2415 42
2416 75
2417 146
2418 0
2419 146
2420 30
2421 37
2422 91
2423 123
2424 142
2425 19
2426 49
2427 156
2428 155
2429 94
2430 50
2431 17
2432 39
2433 45
2434 28
2435 104
2436 137
2437 108
2438 4
2439 4
2440 46
2441 96
2442 63
2443 92
2444 118
2445 78
2446 48
2447 64
2448 25
2449 128
2450 99
2451 150
2452 72
2453 32
2454 148
2455 38
2456 88
2457 144
2458 118
2459 63
2460 146
2461 147
2462 104
2463 65
2464 154
2465 50
2466 26
2467 158
2468 35
2469 116
2470 155
2471 66
2472 100
2473 96
2474 116
2475 138
2476 65
2477 135
2478 22
2479 110
2480 137
2481 75
2482 43
2483 81
2484 21
2485 103
2486 88
2487 51
2488 71
2489 21
2490 92
2491 35
2492 150
2493 27
2494 30
2495 10
2496 56
2497 121
2498 130
2499 22
2500 116
2501 35
2502 79
2503 155
2504 11
2505 77
2506 63
2507 11
2508 152
2509 123
2510 72
2511 161
2512 136
2513 119
2514 40
2515 77
2516 7
2517 78
2518 150
2519 98
2520 77
2521 83
2522 101
2523 100
2524 77
2525 126
2526 144
2527 95
2528 110
2529 85
2530 43
2531 30
2532 134
2533 67
2534 161
2535 21
2536 142
2537 30
2538 22
2539 41
2540 26
2541 104
2542 89
2543 48
2544 157
2545 4
2546 144
2547 73
2548 134
2549 116
2550 66
2551 139
2552 59
2553 129
2554 100
2555 40
2556 24
2557 86
2558 124
2559 10
2560 38
2561 120
2562 155
2563 4
2564 160
2565 42
2566 97
2567 161
2568 159
2569 158
2570 158
2571 130
2572 142
2573 5
2574 115
2575 139
2576 72
2577 120
2578 158
2579 0
2580 84
2581 98
2582 147
2583 2
2584 110
2585 16
2586 124
2587 41
2588 104
2589 57
2590 7
2591 140
2592 156
2593 73
2594 35
2595 1
2596 83
2597 83
2598 115
2599 2
2600 115
2601 134
2602 3
2603 87
2604 3
2605 74
2606 151
2607 81
2608 37
2609 142
2610 155
2611 125
2612 101
2613 41
2614 94
2615 11
2616 147
2617 150
2618 20
2619 61
2620 44
2621 71
2622 17
2623 101
2624 66
2625 57
2626 86
2627 42
2628 75
2629 40
2630 137
2631 130
2632 157
2633 61
2634 141
2635 103
2636 126
2637 159
2638 99
2639 45
2640 39
2641 82
2642 18
2643 72
2644 102
2645 108
2646 136
2647 29
2648 48
2649 37
2650 30
2651 73
2652 10
2653 32
2654 96
2655 6
2656 142
2657 74
2658 32
2659 78
2660 45
2661 85
2662 33
2663 105
2664 126
2665 100
2666 74
2667 85
2668 161
2669 24
2670 49
2671 25
2672 144
2673 126
2674 107
2675 76
2676 158
2677 5
2678 54
2679 99
2680 96
2681 102
2682 125
2683 25
2684 70
2685 25
2686 32
2687 42
2688 153
2689 122
2690 6
2691 103
2692 85
2693 159
2694 85
2695 7
2696 117
2697 85
2698 25
2699 129
2700 128
2701 52
2702 158
2703 157
2704 8
2705 70
2706 104
2707 44
2708 76
2709 102
2710 49
2711 20
2712 138
2713 1
2714 41
2715 157
2716 117
2717 130
2718 20
2719 21
2720 74
2721 1
2722 156
2723 144
2724 98
2725 11
2726 71
2727 47
2728 156
2729 115
2730 63
2731 50
2732 95
2733 85
2734 96
2735 63
2736 60
2737 155
2738 114
2739 109
2740 94
2741 0
2742 66
2743 142
2744 94
2745 125
2746 136
2747 17
2748 90
2749 96
2750 59
2751 120
2752 18
2753 141
2754 45
2755 136
2756 0
2757 117
2758 43
2759 150
2760 102
2761 125
2762 1
2763 22
2764 21
2765 76
2766 136
2767 78
2768 108
2769 91
2770 96
2771 105
2772 118
2773 68
2774 22
2775 105
2776 105
2777 61
2778 112
2779 153
2780 38
2781 10
2782 126
2783 154
2784 137
2785 72
2786 31
2787 134
2788 145
2789 1
2790 14
2791 144
2792 134
2793 78
2794 77
2795 24
2796 133
2797 75
2798 42
2799 13
2800 117
2801 22
2802 32
2803 155
2804 86
2805 113
2806 28
2807 103
2808 53
2809 137
2810 0
2811 34
2812 82
2813 123
2814 99
2815 64
2816 134
2817 59
2818 87
2819 7
2820 127
2821 131
2822 100
2823 58
2824 131
2825 7
2826 62
2827 122
2828 148
2829 3
2830 155
2831 111
2832 13
2833 119
2834 123
2835 86
2836 26
2837 157
2838 55
2839 121
2840 95
2841 139
2842 156
2843 71
2844 1
2845 137
2846 139
2847 144
2848 48
2849 151
2850 27
2851 115
2852 143
2853 157
2854 3
2855 46
2856 31
2857 25
2858 17
2859 24
2860 89
2861 135
2862 133
2863 101
2864 99
2865 156
2866 160
2867 37
2868 149
2869 30
2870 149
2871 81
2872 2
2873 67
2874 13
2875 8
2876 68
2877 66
2878 30
2879 77
2880 142
2881 153
2882 71
2883 129
2884 30
2885 106
2886 137
2887 118
2888 10
2889 76
2890 30
2891 0
2892 129
2893 40
2894 21
2895 18
2896 61
2897 1
2898 136
2899 127
2900 96
2901 144
2902 91
2903 78
2904 45
2905 130
2906 28
2907 145
2908 28
2909 76
2910 6
2911 8
2912 123
2913 27
2914 30
2915 10
2916 124
2917 26
2918 86
2919 77
2920 39
2921 42
2922 134
2923 34
2924 15
2925 15
2926 153
2927 45
2928 141
2929 117
2930 100
2931 5
2932 93
2933 96
2934 3
2935 108
2936 79
2937 149
2938 44
2939 99
2940 76
2941 1
2942 30
2943 125
2944 127
2945 147
2946 66
2947 143
2948 86
2949 97
2950 111
2951 84
2952 25
2953 32
2954 103
2955 98
2956 15
2957 26
2958 109
2959 28
2960 110
2961 56
2962 71
2963 150
2964 129
2965 68
2966 73
2967 97
2968 44
2969 152
2970 19
2971 94
2972 70
2973 59
2974 82
2975 145
2976 158
2977 156
2978 36
2979 74
2980 22
2981 8
2982 98
2983 96
2984 40
2985 37
2986 77
2987 82
2988 124
2989 52
2990 89
2991 148
2992 80
2993 31
2994 61
2995 138
2996 141
2997 30
2998 117
2999 161
3000 30
3001 87
3002 20
3003 120
3004 92
3005 30
3006 115
3007 147
3008 118
3009 75
3010 149
3011 155
3012 40
3013 41
3014 45
3015 160
3016 90
3017 66
3018 43
3019 127
3020 131
3021 134
3022 46
3023 82
3024 29
3025 153
3026 17
3027 64
3028 6
3029 50
3030 136
3031 41
3032 108
3033 78
3034 144
3035 33
3036 82
3037 14
3038 9
3039 8
3040 134
3041 140
3042 19
3043 108
3044 13
3045 105
3046 94
3047 17
3048 1
3049 40
3050 155
3051 18
3052 78
3053 27
3054 78
3055 141
3056 134
3057 158
3058 137
3059 8
3060 99
3061 41
3062 119
3063 130
3064 129
3065 78
3066 21
3067 158
3068 15
3069 68
3070 56
3071 0
3072 40
3073 157
3074 141
3075 63
3076 11
3077 120
3078 4
3079 56
3080 56
3081 137
3082 44
3083 88
3084 19
3085 15
3086 54
3087 85
3088 134
3089 49
3090 24
3091 111
3092 47
3093 44
3094 120
3095 122
3096 152
3097 12
3098 34
3099 110
3100 150
3101 12
3102 44
3103 90
3104 67
3105 105
3106 74
3107 91
3108 52
3109 30
3110 55
3111 122
3112 1
3113 149
3114 120
3115 146
3116 86
3117 125
3118 117
3119 71
3120 83
3121 130
3122 93
3123 12
3124 82
3125 82
3126 160
3127 67
3128 52
3129 10
3130 92
3131 69
3132 20
3133 47
3134 99
3135 50
3136 90
3137 119
3138 20
3139 128
3140 150
3141 83
3142 134
3143 87
3144 52
3145 110
3146 52
3147 20
3148 101
3149 35
3150 134
3151 33
3152 42
3153 75
3154 10
3155 69
3156 80
3157 47
3158 12
3159 83
3160 132
3161 100
3162 116
3163 1
3164 79
3165 33
3166 64
3167 27
3168 93
3169 68
3170 4
3171 11
3172 28
3173 159
3174 100
3175 148
3176 64
3177 142
3178 13
3179 139
3180 125
3181 127
3182 151
3183 66
3184 89
3185 92
3186 85
3187 19
3188 11
3189 16
3190 94
3191 144
3192 48
3193 42
3194 29
3195 41
3196 116
3197 63
3198 118
3199 8
3200 63
3201 116
3202 156
3203 134
3204 85
3205 24
3206 64
3207 53
3208 46
3209 26
3210 42
3211 127
3212 23
3213 44
3214 141
3215 84
3216 133
3217 46
3218 104
3219 159
3220 103
3221 31
3222 47
3223 140
3224 106
3225 80
3226 156
3227 40
3228 18
3229 5
3230 130
3231 133
3232 82
3233 81
3234 41
3235 150
3236 58
3237 81
3238 95
3239 142
3240 77
3241 40
3242 80
3243 149
3244 67
3245 134
3246 43
3247 11
3248 31
3249 94
3250 20
3251 134
3252 80
3253 58
3254 86
3255 83
3256 106
3257 114
3258 103
3259 55
3260 99
3261 102
3262 84
3263 13
3264 95
3265 77
3266 149
3267 66
3268 12
3269 58
3270 38
3271 79
3272 29
3273 21
3274 108
3275 66
3276 3
3277 76
3278 9
3279 94
3280 41
3281 125
3282 33
3283 15
3284 50
3285 13
3286 72
3287 124
3288 47
3289 17
3290 58
3291 151
3292 89
3293 89
3294 78
3295 35
3296 0
3297 144
3298 17
3299 64
3300 136
3301 161
3302 64
3303 64
3304 50
3305 116
3306 35
3307 136
3308 32
3309 15
3310 34
3311 45
3312 67
3313 69
3314 139
3315 127
3316 161
3317 38
3318 0
3319 31
3320 152
3321 141
3322 19
3323 34
3324 45
3325 107
3326 54
3327 18
3328 117
3329 59
3330 147
3331 136
3332 65
3333 149
3334 16
3335 121
3336 106
3337 74
3338 30
3339 127
3340 89
3341 46
3342 97
3343 114
3344 133
3345 145
3346 124
3347 15
3348 80
3349 95
3350 124
3351 57
3352 60
3353 6
3354 49
3355 57
3356 22
3357 49
3358 60
3359 160
3360 154
3361 55
3362 106
3363 17
3364 142
3365 63
3366 60
3367 142
3368 36
3369 97
3370 134
3371 72
3372 31
3373 37
3374 12
3375 51
3376 119
3377 35
3378 101
3379 113
3380 78
3381 71
3382 22
3383 139
3384 5
3385 54
3386 37
3387 58
3388 124
3389 41
3390 96
3391 142
3392 45
3393 135
3394 46
3395 42
3396 40
3397 97
3398 75
3399 66
3400 40
3401 130
3402 35
3403 123
3404 0
3405 85
3406 96
3407 43
3408 155
3409 0
3410 90
3411 124
3412 95
3413 29
3414 39
3415 34
3416 48
3417 155
3418 68
3419 17
3420 79
3421 13
3422 119
3423 152
3424 96
3425 28
3426 13
3427 97
3428 149
3429 0
3430 108
3431 115
3432 18
3433 144
3434 97
3435 30
3436 142
3437 135
3438 141
3439 124
3440 76
3441 64
3442 85
3443 63
3444 110
3445 139
3446 13
3447 90
3448 142
3449 71
3450 96
3451 48
3452 86
3453 152
3454 120
3455 53
3456 80
3457 26
3458 87
3459 120
3460 11
3461 5
3462 147
3463 97
3464 104
3465 157
3466 25
3467 141
3468 134
3469 48
3470 28
3471 104
3472 67
3473 57
3474 124
3475 104
3476 103
3477 136
3478 138
3479 25
3480 51
3481 62
3482 60
3483 124
3484 56
3485 59
3486 66
3487 54
3488 50
3489 41
3490 30
3491 145
3492 139
3493 58
3494 3
3495 43
3496 103
3497 5
3498 8
3499 52
3500 153
3501 30
3502 78
3503 81
3504 137
3505 139
3506 126
3507 71
3508 76
3509 116
3510 21
3511 96
3512 37
3513 71
3514 93
3515 110
3516 20
3517 80
3518 135
3519 40
3520 148
3521 82
3522 32
3523 91
3524 94
3525 67
3526 99
3527 90
3528 35
3529 137
3530 141
3531 94
3532 6
3533 83
3534 37
3535 1
3536 46
3537 102
3538 8
3539 55
3540 129
3541 99
3542 61
3543 148
3544 8
3545 110
3546 119
3547 116
3548 140
3549 160
3550 34
3551 50
3552 151
3553 26
3554 83
3555 140
3556 20
3557 100
3558 50
3559 67
3560 28
3561 79
3562 79
3563 3
3564 101
3565 156
3566 49
3567 94
3568 124
3569 156
3570 90
3571 146
3572 15
3573 0
3574 78
3575 105
3576 97
3577 86
3578 134
3579 80
3580 50
3581 32
3582 104
3583 128
3584 122
3585 144
3586 65
3587 62
3588 89
3589 42
3590 117
3591 48
3592 70
3593 161
3594 70
3595 138
3596 53
3597 24
3598 89
3599 121
3600 65
3601 31
3602 4
3603 32
3604 109
3605 110
3606 128
3607 49
3608 1
3609 26
3610 70
3611 94
3612 84
3613 100
3614 62
3615 2
3616 7
3617 105
3618 93
3619 28
3620 28
3621 114
3622 115
3623 39
3624 108
3625 16
3626 2
3627 97
3628 23
3629 149
3630 40
3631 68
3632 50
3633 71
3634 83
3635 90
3636 8
3637 24
3638 140
3639 101
3640 102
3641 132
3642 113
3643 66
3644 57
3645 57
3646 115
3647 136
3648 3
3649 142
3650 100
3651 134
3652 35
3653 118
3654 31
3655 120
3656 151
3657 148
3658 63
3659 76
3660 71
3661 149
3662 130
3663 39
3664 71
3665 21
3666 38
3667 3
3668 45
3669 67
3670 90
3671 32
3672 3
3673 5
3674 116
3675 38
3676 68
3677 108
3678 42
3679 133
3680 9
3681 120
3682 146
3683 93
3684 95
3685 95
3686 136
3687 82
3688 149
3689 113
3690 61
3691 18
3692 19
3693 28
3694 84
3695 93
3696 66
3697 146
3698 108
3699 65
3700 101
3701 142
3702 40
3703 85
3704 34
3705 79
3706 9
3707 77
3708 125
3709 111
3710 97
3711 32
3712 97
3713 145
3714 154
3715 122
3716 144
3717 117
3718 21
3719 118
3720 159
3721 65
3722 9
3723 155
3724 45
3725 76
3726 3
3727 118
3728 129
3729 58
3730 91
3731 33
3732 124
3733 117
3734 13
3735 135
3736 0
3737 161
3738 30
3739 115
3740 27
3741 103
3742 110
3743 140
3744 56
3745 124
3746 121
3747 74
3748 158
3749 78
3750 152
3751 112
3752 94
3753 150
3754 122
3755 111
3756 43
3757 75
3758 119
3759 94
3760 8
3761 69
3762 105
3763 68
3764 101
3765 43
3766 122
3767 41
3768 152
3769 137
3770 16
3771 102
3772 160
3773 134
3774 124
3775 120
3776 68
3777 17
3778 124
3779 36
3780 91
3781 83
3782 116
3783 137
3784 29
3785 137
3786 124
3787 52
3788 126
3789 94
3790 140
3791 10
3792 76
3793 3
3794 103
3795 50
3796 79
3797 78
3798 83
3799 78
3800 42
3801 151
3802 72
3803 102
3804 94
3805 43
3806 3
3807 14
3808 119
3809 74
3810 1
3811 38
3812 79
3813 50
3814 83
3815 59
3816 15
3817 130
3818 43
3819 96
3820 39
3821 6
3822 116
3823 141
3824 100
3825 54
3826 67
3827 16
3828 100
3829 86
3830 145
3831 74
3832 80
3833 125
3834 4
3835 10
3836 49
3837 100
3838 161
3839 154
3840 125
3841 26
3842 49
3843 158
3844 56
3845 125
3846 22
3847 122
3848 30
3849 43
3850 145
3851 44
3852 139
3853 44
3854 159
3855 138
3856 153
3857 130
3858 88
3859 55
3860 2
3861 68
3862 79
3863 6
3864 152
3865 154
3866 70
3867 148
3868 137
3869 122
3870 128
3871 2
3872 53
3873 99
3874 74
3875 158
3876 64
3877 80
3878 139
3879 64
3880 105
3881 90
3882 25
3883 41
3884 118
3885 149
3886 126
3887 141
3888 66
3889 68
3890 143
3891 118
3892 65
3893 50
3894 140
3895 13
3896 126
3897 140
3898 69
3899 98
3900 94
3901 3
3902 119
3903 142
3904 136
3905 90
3906 140
3907 27
3908 100
3909 27
3910 125
3911 17
3912 91
3913 127
3914 143
3915 158
3916 3
3917 36
3918 67
3919 26
3920 61
3921 161
3922 80
3923 113
3924 45
3925 141
3926 69
3927 129
3928 49
3929 131
3930 160
3931 129
3932 130
3933 92
3934 22
3935 13
3936 8
3937 80
3938 133
3939 137
3940 158
3941 141
3942 116
3943 148
3944 144
3945 154
3946 51
3947 154
3948 108
3949 11
3950 27
3951 56
3952 101
3953 19
3954 40
3955 75
3956 35
3957 104
3958 129
3959 0
3960 65
3961 28
3962 133
3963 156
3964 10
3965 110
3966 21
3967 119
3968 22
3969 17
3970 153
3971 94
3972 5
3973 104
3974 108
3975 117
3976 8
3977 125
3978 111
3979 106
3980 142
3981 28
3982 75
3983 101
3984 0
3985 33
3986 141
3987 159
3988 75
3989 53
3990 137
3991 55
3992 112
3993 81
3994 81
3995 140
3996 80
3997 74
3998 1
3999 104
4000 111
4001 121
4002 84
4003 2
4004 63
4005 83
4006 66
4007 110
4008 51
4009 90
4010 23
4011 109
4012 3
4013 127
4014 52
4015 81
4016 96
4017 140
4018 124
4019 110
4020 103
4021 10
4022 67
4023 10
4024 77
4025 28
4026 90
4027 30
4028 41
4029 37
4030 95
4031 80
4032 37
4033 26
4034 72
4035 21
4036 52
4037 155
4038 29
4039 77
4040 102
4041 13
4042 74
4043 51
4044 136
4045 77
4046 93
4047 131
4048 87
4049 161
4050 1
4051 8
4052 49
4053 158
4054 45
4055 60
4056 142
4057 29
4058 61
4059 120
4060 4
4061 32
4062 70
4063 82
4064 115
4065 110
4066 130
4067 149
4068 75
4069 112
4070 61
4071 59
4072 134
4073 3
4074 90
4075 140
4076 132
4077 47
4078 69
4079 56
4080 75
4081 8
4082 75
4083 75
4084 91
4085 156
4086 142
4087 54
4088 125
4089 110
4090 110
4091 144
4092 143
4093 9
4094 54
4095 110
4096 107
4097 144
4098 30
4099 14
4100 27
4101 25
4102 116
4103 2
4104 43
4105 53
4106 53
4107 93
4108 4
4109 150
4110 4
4111 109
4112 122
4113 59
4114 15
4115 146
4116 121
4117 17
4118 104
4119 80
4120 85
4121 92
4122 133
4123 135
4124 124
4125 12
4126 65
4127 14
4128 82
4129 116
4130 36
4131 0
4132 51
4133 74
4134 34
4135 117
4136 109
4137 3
4138 75
4139 41
4140 47
4141 70
4142 135
4143 49
4144 89
4145 105
4146 161
4147 142
4148 97
4149 94
4150 60
4151 82
4152 10
4153 69
4154 16
4155 34
4156 61
4157 55
4158 136
4159 137
4160 96
4161 136
4162 40
4163 71
4164 131
4165 30
4166 26
4167 131
4168 61
4169 77
4170 155
4171 30
4172 67
4173 126
4174 106
4175 12
4176 99
4177 76
4178 105
4179 42
4180 71
4181 149
4182 137
4183 94
4184 4
4185 38
4186 92
4187 41
4188 129
4189 159
4190 34
4191 82
4192 27
4193 155
4194 145
4195 49
4196 1
4197 127
4198 74
4199 80
4200 84
4201 105
4202 141
4203 99
4204 17
4205 72
4206 101
4207 149
4208 137
4209 8
4210 25
4211 42
4212 116
4213 100
4214 146
4215 53
4216 61
4217 79
4218 64
4219 53
4220 45
4221 24
4222 130
4223 43
4224 122
4225 89
4226 119
4227 16
4228 30
4229 45
4230 86
4231 90
4232 87
4233 16
4234 30
4235 70
4236 124
4237 144
4238 136
4239 79
4240 132
4241 4
4242 133
4243 25
4244 133
4245 34
4246 108
4247 68
4248 156
4249 146
4250 148
4251 112
4252 73
4253 47
4254 51
4255 34
4256 50
4257 44
4258 122
4259 110
4260 123
4261 117
4262 86
4263 90
4264 156
4265 62
4266 53
4267 107
4268 117
4269 89
4270 65
4271 39
4272 79
4273 16
4274 142
4275 151
4276 83
4277 118
4278 99
4279 43
4280 143
4281 1
4282 51
4283 98
4284 80
4285 41
4286 77
4287 136
4288 161
4289 81
4290 51
4291 43
4292 10
4293 134
4294 9
4295 45
4296 161
4297 151
4298 42
4299 74
4300 41
4301 140
4302 17
4303 111
4304 68
4305 153
4306 114
4307 17
4308 23
4309 71
4310 37
4311 17
4312 140
4313 82
4314 71
4315 35
4316 89
4317 136
4318 97
4319 146
4320 45
4321 60
4322 99
4323 99
4324 0
4325 1
4326 159
4327 66
4328 29
4329 133
4330 113
4331 74
4332 28
4333 17
4334 114
4335 161
4336 34
4337 105
4338 96
4339 97
4340 72
4341 79
4342 100
4343 102
4344 74
4345 64
4346 42
4347 126
4348 44
4349 72
4350 82
4351 129
4352 68
4353 65
4354 138
4355 111
4356 78
4357 142
4358 85
4359 4
4360 139
4361 115
4362 109
4363 130
4364 127
4365 125
4366 130
4367 4
4368 27
4369 107
4370 154
4371 138
4372 41
4373 75
4374 144
4375 11
4376 26
4377 86
4378 44
4379 7
4380 153
4381 12
4382 88
4383 136
4384 138
4385 11
4386 148
4387 96
4388 88
4389 23
4390 50
4391 71
4392 90
4393 35
4394 6
4395 149
4396 35
4397 19
4398 149
4399 142
4400 20
4401 90
4402 37
4403 79
4404 133
4405 55
4406 112
4407 14
4408 102
4409 67
4410 140
4411 140
4412 69
4413 13
4414 23
4415 155
4416 35
4417 19
4418 137
4419 85
4420 76
4421 42
4422 90
4423 58
4424 124
4425 137
4426 66
4427 35
4428 129
4429 40
4430 11
4431 125
4432 76
4433 126
4434 79
4435 74
4436 83
4437 1
4438 92
4439 69
4440 83
4441 40
4442 113
4443 42
4444 8
4445 97
4446 138
4447 12
4448 116
4449 158
4450 13
4451 32
4452 61
4453 29
4454 115
4455 126
4456 155
4457 8
4458 160
4459 18
4460 1
4461 29
4462 151
4463 151
4464 145
4465 57
4466 49
4467 81
4468 74
4469 84
4470 8
4471 102
4472 8
4473 3
4474 126
4475 44
4476 158
4477 54
4478 69
4479 64
4480 90
4481 89
4482 7
4483 78
4484 133
4485 156
4486 105
4487 87
4488 55
4489 118
4490 123
4491 50
4492 3
4493 107
4494 154
4495 88
4496 150
4497 28
4498 75
4499 138
4500 11
4501 67
4502 6
4503 139
4504 151
4505 25
4506 31
4507 20
4508 152
4509 135
4510 137
4511 112
4512 159
4513 41
4514 120
4515 48
4516 142
4517 100
4518 80
4519 3
4520 40
4521 37
4522 40
4523 50
4524 65
4525 82
4526 119
4527 58
4528 144
4529 147
4530 98
4531 21
4532 93
4533 22
4534 41
4535 151
4536 4
4537 90
4538 143
4539 71
4540 15
4541 50
4542 161
4543 53
4544 52
4545 9
4546 91
4547 66
4548 13
4549 43
4550 20
4551 73
4552 151
4553 127
4554 153
4555 130
4556 129
4557 50
4558 125
4559 126
4560 78
4561 27
4562 21
4563 32
4564 82
4565 92
4566 153
4567 46
4568 142
4569 30
4570 42
4571 10
4572 49
4573 4
4574 40
4575 124
4576 40
4577 17
4578 119
4579 144
4580 82
4581 34
4582 11
4583 155
4584 10
4585 0
4586 61
4587 96
4588 123
4589 99
4590 26
4591 96
4592 141
4593 86
4594 157
4595 9
4596 26
4597 159
4598 153
4599 93
4600 156
4601 161
4602 63
4603 56
4604 34
4605 110
4606 42
4607 44
4608 86
4609 80
4610 25
4611 127
4612 62
4613 14
4614 11
4615 123
4616 139
4617 29
4618 154
4619 133
4620 122
4621 126
4622 13
4623 150
4624 102
4625 49
4626 124
4627 38
4628 149
4629 153
4630 109
4631 80
4632 21
4633 125
4634 118
4635 45
4636 68
4637 8
4638 32
4639 15
4640 23
4641 107
4642 47
4643 73
4644 17
4645 14
4646 10
4647 20
4648 133
4649 107
4650 112
4651 139
4652 20
4653 67
4654 147
4655 77
4656 71
4657 109
4658 131
4659 79
4660 141
4661 84
4662 90
4663 22
4664 77
4665 9
4666 126
4667 118
4668 22
4669 101
4670 149
4671 137
4672 80
4673 10
4674 131
4675 35
4676 38
4677 118
4678 112
4679 161
4680 126
4681 102
4682 67
4683 134
4684 103
4685 149
4686 98
4687 128
4688 91
4689 21
4690 134
4691 75
4692 153
4693 137
4694 118
4695 144
4696 33
4697 125
4698 130
4699 114
4700 42
4701 107
4702 34
4703 134
4704 66
4705 140
4706 142
4707 33
4708 2
4709 38
4710 158
4711 72
4712 137
4713 0
4714 86
4715 117
4716 61
4717 97
4718 98
4719 52
4720 102
4721 29
4722 76
4723 75
4724 67
4725 19
4726 37
4727 1
4728 47
4729 64
4730 111
4731 79
4732 79
4733 74
4734 1
4735 15
4736 91
4737 16
4738 87
4739 121
4740 62
4741 122
4742 105
4743 89
4744 103
4745 0
4746 118
4747 135
4748 78
4749 150
4750 139
4751 85
4752 46
4753 78
4754 56
4755 140
4756 68
4757 152
4758 3
4759 128
4760 99
4761 128
4762 55
4763 91
4764 100
4765 127
4766 116
4767 13
4768 50
4769 74
4770 29
4771 75
4772 28
4773 15
4774 25
4775 140
4776 77
4777 115
4778 60
4779 3
4780 36
4781 19
4782 155
4783 75
4784 62
4785 50
4786 10
4787 93
4788 90
4789 10
4790 157
4791 137
4792 96
4793 0
4794 15
4795 67
4796 9
4797 77
4798 96
4799 80
4800 149
4801 67
4802 50
4803 63
4804 160
4805 149
4806 137
4807 0
4808 35
4809 41
4810 62
4811 125
4812 136
4813 51
4814 150
4815 61
4816 6
4817 130
4818 57
4819 124
4820 6
4821 117
4822 12
4823 136
4824 136
4825 0
4826 87
4827 27
4828 92
4829 91
4830 105
4831 29
4832 154
4833 140
4834 26
4835 105
4836 34
4837 4
4838 154
4839 41
4840 119
4841 65
4842 40
4843 97
4844 80
4845 54
4846 149
4847 40
4848 61
4849 79
4850 129
4851 59
4852 82
4853 98
4854 79
4855 100
4856 5
4857 98
4858 120
4859 33
4860 89
4861 34
4862 24
4863 140
4864 53
4865 87
4866 16
4867 14
4868 47
4869 154
4870 44
4871 102
4872 32
4873 79
4874 26
4875 29
4876 64
4877 49
4878 6
4879 136
4880 124
4881 20
4882 47
4883 107
4884 124
4885 124
4886 55
4887 5
4888 124
4889 99
4890 68
4891 138
4892 77
4893 106
4894 87
4895 148
4896 34
4897 1
4898 120
4899 18
4900 74
4901 47
4902 36
4903 140
4904 50
4905 35
4906 157
4907 6
4908 154
4909 149
4910 120
4911 75
4912 115
4913 8
4914 114
4915 118
4916 41
4917 106
4918 55
4919 142
4920 125
4921 53
4922 47
4923 52
4924 51
4925 0
4926 33
4927 67
4928 21
4929 99
4930 27
4931 67
4932 37
4933 35
4934 1
4935 37
4936 21
4937 71
4938 8
4939 49
4940 152
4941 132
4942 50
4943 140
4944 151
4945 151
4946 1
4947 74
4948 52
4949 155
4950 155
4951 161
4952 43
4953 8
4954 35
4955 141
4956 75
4957 40
4958 159
4959 34
4960 19
4961 78
4962 1
4963 10
4964 83
4965 108
4966 10
4967 142
4968 145
4969 18
4970 130
4971 135
4972 104
4973 11
4974 76
4975 101
4976 41
4977 49
4978 89
4979 128
4980 156
4981 77
4982 71
4983 66
4984 110
4985 33
4986 103
4987 107
4988 130
4989 44
4990 13
4991 56
4992 33
4993 25
4994 72
4995 157
4996 29
4997 26
4998 158
4999 5
