0 125 0.833788
0 356 0.741337
0 54 0.879186
0 364 0.887445
0 224 0.864640
0 383 0.898205
0 267 0.828080
0 389 0.008107
0 692 0.721840
0 330 0.778218
1 631 0.729667
1 566 0.815800
1 259 0.993955
1 232 0.876048
1 757 0.264826
1 514 0.944752
1 790 0.940712
1 441 0.740773
1 146 0.152238
2 558 0.912369
2 819 0.879140
2 467 0.961207
2 572 0.743969
2 841 0.911185
2 682 0.825136
2 67 0.792120
2 197 0.794350
2 320 0.968044
2 592 0.899961
2 78 0.777264
2 872 0.746270
2 205 0.829809
2 334 0.920480
2 5 0.017567
2 443 0.704977
2 756 0.706315
3 713 0.870360
3 140 0.897604
3 453 0.837950
3 198 0.881890
3 688 0.931947
3 976 0.230772
3 526 0.937589
3 158 0.776794
3 679 0.949662
3 815 0.946285
3 51 0.050025
4 52 0.978305
4 345 0.961835
4 660 0.771276
4 821 0.882518
4 188 0.010163
4 171 0.777081
4 51 0.837278
4 823 0.903790
4 474 0.754371
5 564 0.297261
5 908 0.866311
5 119 0.825541
5 459 0.835906
5 587 0.899109
5 74 0.899282
5 852 0.714799
5 400 0.960499
5 463 0.866105
5 202 0.224745
5 669 0.877500
5 219 0.883852
5 375 0.711207
6 806 0.940201
6 210 0.939734
6 691 0.700998
6 130 0.867603
6 942 0.983706
6 213 0.241391
6 649 0.998103
6 813 0.924167
6 841 0.847105
6 756 0.788611
7 210 0.023337
7 326 0.003814
7 414 0.262211
7 577 0.903452
7 824 0.979439
7 898 0.990799
7 466 0.870754
7 951 0.998692
7 646 0.729294
7 456 0.894902
7 199 0.875979
7 980 0.985978
7 349 0.977681
7 315 0.813105
7 346 0.810755
7 991 0.943988
7 584 0.927846
7 218 0.763792
7 817 0.711855
7 655 0.795081
7 875 0.197686
7 240 0.037971
7 663 0.816475
7 244 0.875365
8 779 0.150745
8 905 0.973175
8 752 0.718454
8 136 0.820096
8 956 0.277585
8 181 0.971213
8 724 0.723441
9 673 0.038213
9 390 0.240555
9 814 0.999642
9 28 0.877351
9 925 0.767047
9 889 0.982788
9 182 0.756701
9 174 0.933766
9 345 0.280687
9 540 0.717569
9 254 0.811003
9 47 0.198887
10 481 0.981096
10 178 0.824285
10 185 0.739603
10 225 0.982887
10 738 0.237935
10 171 0.941998
10 554 0.902339
10 823 0.959303
10 90 0.851949
10 373 0.874872
11 526 0.020348
11 649 0.852845
11 933 0.886156
11 116 0.747628
11 350 0.295345
11 398 0.985614
11 682 0.828184
11 813 0.977208
11 944 0.889870
11 841 0.982350
11 216 0.827375
11 756 0.755474
11 35 0.205770
12 520 0.716178
12 392 0.937064
12 521 0.989882
12 534 0.983783
12 504 0.152911
12 926 0.881412
12 222 0.811684
12 757 0.874187
13 782 0.922852
13 101 0.817260
13 744 0.890361
13 88 0.845458
13 61 0.918560
13 122 0.298965
13 298 0.744883
13 302 0.997634
13 967 0.714783
14 124 0.720720
14 978 0.961774
14 347 0.832779
14 275 0.962934
14 725 0.740443
14 628 0.801190
14 636 0.734474
14 655 0.145514
15 641 0.907059
15 161 0.944254
15 385 0.919168
15 36 0.887329
15 202 0.110413
15 488 0.977421
16 210 0.128887
16 388 0.727259
16 274 0.776784
16 762 0.734346
16 322 0.068869
16 662 0.840913
16 421 0.741853
16 204 0.704704
17 266 0.972065
17 97 0.743680
17 664 0.984416
17 883 0.750665
17 923 0.893358
17 653 0.135222
17 29 0.808360
17 413 0.877759
17 419 0.955862
17 573 0.754670
17 223 0.027981
18 257 0.911462
18 900 0.788286
18 776 0.969237
18 271 0.710580
18 921 0.939857
18 567 0.777521
18 264 0.976767
18 49 0.982400
18 802 0.841789
18 278 0.877119
18 282 0.951630
18 30 0.966022
18 62 0.728551
18 969 0.015773
18 637 0.718363
19 816 0.076345
19 768 0.807256
19 984 0.784965
19 451 0.768356
19 737 0.942531
19 974 0.948694
19 510 0.860400
19 473 0.238836
19 916 0.997152
19 77 0.957008
19 127 0.983622
20 659 0.714884
20 742 0.783013
20 206 0.782738
20 648 0.703773
20 440 0.153687
20 930 0.008909
20 708 0.228461
20 222 0.009056
21 885 0.933572
21 772 0.750990
21 614 0.827355
21 161 0.711933
21 102 0.881103
21 192 0.720196
21 199 0.088437
21 153 0.946167
21 795 0.779425
21 31 0.704349
21 48 0.081223
22 779 0.742420
22 989 0.968354
22 648 0.947574
22 659 0.851503
22 709 0.887954
22 141 0.014809
22 931 0.916027
22 291 0.901374
22 324 0.755040
22 95 0.732379
23 775 0.077602
23 525 0.920427
23 615 0.949671
23 840 0.708568
23 643 0.080726
23 85 0.711006
23 732 0.737671
24 457 0.196825
24 964 0.255223
24 256 0.100244
24 719 0.807257
24 71 0.740214
24 125 0.804347
24 142 0.859846
24 970 0.955374
24 332 0.924657
24 565 0.245737
24 439 0.729460
24 330 0.940141
24 827 0.157040
24 165 0.279353
25 788 0.949047
25 546 0.798699
25 428 0.974321
25 913 0.819554
25 358 0.153443
25 800 0.838955
25 675 0.736214
25 292 0.968362
25 195 0.926818
25 611 0.948504
26 901 0.153430
26 67 0.160929
26 841 0.096905
26 411 0.025216
26 441 0.010989
26 655 0.985626
26 705 0.913842
26 577 0.878173
26 584 0.725765
26 218 0.995208
26 346 0.707846
27 395 0.996004
27 406 0.957883
27 376 0.893914
27 368 0.792880
27 542 0.848517
27 683 0.724551
27 875 0.801902
27 487 0.966523
27 502 0.702294
27 245 0.779625
27 149 0.972730
27 229 0.702234
27 781 0.808973
27 949 0.158806
28 91 0.113784
28 276 0.772399
28 539 0.947330
28 494 0.873243
28 174 0.941387
28 406 0.153296
29 923 0.829489
29 860 0.996490
29 604 0.934717
29 220 0.752465
29 97 0.808981
29 317 0.049060
29 413 0.871354
29 605 0.748454
29 883 0.970305
30 257 0.834866
30 260 0.859496
30 567 0.807157
30 928 0.095471
31 619 0.962133
31 938 0.943880
31 532 0.885870
31 795 0.720314
31 281 0.276461
31 104 0.825130
31 242 0.162965
31 246 0.063606
31 721 0.011323
32 150 0.986080
32 537 0.736224
32 156 0.745888
32 546 0.729059
32 675 0.828374
32 321 0.989557
32 611 0.850334
32 490 0.986252
32 868 0.107957
33 992 0.288055
33 815 0.164973
33 513 0.866886
33 258 0.881304
33 607 0.734665
33 740 0.853851
33 956 0.996920
33 750 0.726095
33 527 0.861377
33 706 0.005073
33 624 0.706218
33 731 0.192783
34 134 0.870221
34 780 0.870384
34 394 0.813009
34 966 0.939185
34 870 0.948415
34 302 0.291275
34 440 0.857721
34 596 0.894594
35 136 0.960317
35 630 0.967915
35 181 0.979681
35 752 0.943795
35 635 0.707171
35 895 0.868196
35 669 0.069980
36 641 0.986009
36 772 0.969389
36 403 0.897929
36 795 0.829641
36 670 0.793343
36 797 0.716639
36 548 0.899688
36 614 0.801454
36 120 0.811862
37 275 0.833133
37 702 0.908936
37 793 0.858239
37 636 0.776518
37 206 0.042837
37 725 0.716378
37 124 0.824240
37 81 0.131077
38 662 0.842442
38 344 0.959876
38 930 0.878785
38 234 0.875099
38 932 0.972858
38 58 0.816289
38 152 0.810926
38 672 0.912745
38 317 0.897621
38 625 0.721163
38 461 0.883881
38 985 0.731117
38 833 0.159067
39 321 0.215740
39 43 0.223983
39 135 0.704819
39 280 0.969741
39 541 0.062879
40 642 0.774690
40 259 0.769856
40 790 0.730514
40 528 0.751785
40 987 0.829565
40 441 0.803453
40 228 0.993516
40 873 0.815017
40 505 0.979087
40 998 0.944595
40 499 0.262316
40 831 0.955319
40 232 0.783960
41 673 0.992427
41 712 0.986060
41 803 0.009453
41 430 0.770657
41 973 0.928416
41 591 0.969955
41 746 0.933693
41 605 0.035351
42 274 0.947930
42 668 0.804219
42 179 0.868396
42 173 0.991692
42 152 0.717302
42 357 0.253263
42 978 0.005279
43 674 0.098804
43 917 0.707340
43 410 0.781794
43 538 0.979226
43 977 0.881240
43 953 0.713581
43 593 0.824887
43 460 0.745029
43 854 0.985942
43 310 0.842438
43 56 0.712406
43 890 0.982745
43 830 0.872223
43 435 0.851969
43 272 0.830625
43 957 0.847764
43 471 0.971424
43 445 0.843697
43 118 0.911828
43 141 0.833017
43 920 0.903766
43 986 0.863849
43 818 0.765390
43 482 0.940468
43 903 0.901796
43 565 0.762584
43 122 0.997284
43 710 0.709160
43 469 0.776712
43 937 0.787205
43 561 0.944226
43 305 0.889113
43 749 0.868289
43 213 0.275131
43 727 0.067612
43 182 0.296809
43 633 0.072103
43 520 0.010977
44 781 0.833693
44 661 0.817128
44 406 0.774486
44 245 0.743445
44 666 0.976796
44 94 0.128433
44 704 0.974407
45 545 0.180613
45 386 0.136158
45 277 0.831174
45 85 0.827006
45 362 0.857937
45 498 0.976638
45 743 0.827495
45 615 0.884324
45 847 0.890446
45 918 0.912618
45 476 0.892708
45 840 0.835765
45 911 0.192084
46 550 0.146881
46 775 0.985475
46 340 0.808709
46 996 0.814036
46 350 0.218101
46 81 0.739801
47 896 0.902568
47 265 0.966237
47 568 0.949537
47 555 0.999469
47 420 0.834331
47 200 0.898071
47 79 0.941278
47 500 0.962155
48 987 0.181556
48 714 0.062189
48 775 0.991830
48 268 0.706164
48 426 0.704367
48 66 0.989009
48 827 0.992765
49 900 0.997700
49 260 0.792128
49 271 0.871789
49 278 0.791599
49 802 0.751995
49 901 0.775866
49 293 0.709117
49 665 0.831959
49 535 0.033226
49 134 0.171130
49 337 0.243381
50 647 0.711842
50 904 0.868520
50 526 0.974344
50 158 0.798454
50 458 0.855698
50 353 0.283359
50 596 0.229010
50 135 0.224528
51 171 0.789668
51 225 0.960298
51 821 0.709203
51 327 0.911576
51 342 0.956084
51 345 0.883315
51 373 0.923069
51 723 0.125574
52 385 0.229063
52 171 0.878217
52 342 0.986526
52 90 0.781889
52 395 0.053930
52 185 0.717018
52 480 0.980434
52 225 0.708098
52 941 0.104043
52 838 0.204151
53 768 0.742314
53 916 0.704617
53 993 0.757546
53 76 0.949300
53 353 0.269763
53 451 0.933538
53 77 0.831457
53 351 0.940897
53 127 0.915140
53 626 0.299163
54 142 0.837003
54 692 0.905300
54 356 0.835021
54 820 0.091639
54 693 0.859602
54 189 0.988067
54 332 0.830045
54 587 0.226550
55 768 0.927250
55 137 0.998298
55 916 0.763512
55 418 0.843972
55 643 0.267055
55 77 0.872373
55 351 0.886977
55 127 0.741492
56 270 0.187593
56 917 0.892410
56 410 0.727591
56 953 0.870733
56 455 0.776761
56 593 0.709816
56 957 0.741979
56 565 0.979731
56 890 0.777539
56 460 0.911883
56 561 0.928111
56 977 0.899818
56 830 0.802866
56 713 0.012642
56 445 0.870786
56 736 0.832247
56 482 0.802060
57 896 0.807254
57 541 0.896410
57 420 0.892326
57 943 0.837310
57 716 0.025580
57 500 0.843362
57 374 0.837160
57 377 0.804221
58 990 0.101657
58 273 0.948308
58 274 0.715124
58 662 0.876277
58 415 0.969330
58 930 0.780189
58 674 0.157675
58 461 0.865989
58 762 0.938262
59 783 0.739002
59 435 0.964491
59 583 0.987628
59 538 0.707040
59 792 0.157262
59 482 0.805992
60 649 0.023706
60 300 0.789654
60 177 0.954911
60 301 0.991828
60 719 0.037971
60 582 0.785838
60 200 0.867585
60 500 0.709619
60 377 0.995320
61 972 0.156160
61 224 0.176896
61 391 0.930534
61 138 0.809958
61 298 0.999405
61 302 0.776327
61 833 0.704848
61 88 0.913048
62 401 0.949213
62 637 0.930767
62 665 0.915196
62 776 0.743206
62 900 0.739530
62 563 0.847305
62 272 0.253827
62 377 0.060980
62 409 0.225625
63 657 0.870497
63 589 0.903085
63 748 0.893077
63 718 0.780130
63 168 0.961287
63 773 0.790354
63 728 0.782297
63 379 0.912545
63 389 0.988450
63 473 0.895763
63 64 0.239857
63 449 0.983845
63 82 0.985388
63 601 0.952309
63 868 0.839153
64 554 0.707732
64 844 0.792937
64 248 0.852790
64 821 0.892521
64 699 0.252227
64 202 0.900735
64 342 0.761239
64 480 0.982089
64 866 0.146825
65 768 0.890629
65 916 0.824061
65 186 0.980769
65 882 0.849377
65 475 0.953013
65 737 0.987188
65 111 0.889851
65 974 0.763328
65 574 0.144676
65 451 0.726715
65 351 0.716504
65 878 0.895266
65 127 0.783292
66 643 0.295044
66 200 0.063669
66 657 0.048783
66 775 0.742721
66 268 0.797685
66 827 0.915553
66 585 0.121082
66 627 0.931036
67 813 0.728185
67 947 0.877482
67 819 0.772487
67 872 0.919743
67 682 0.886281
67 942 0.912706
67 944 0.933263
67 572 0.745944
67 557 0.760361
67 933 0.877226
67 756 0.953225
67 685 0.102554
68 622 0.104409
68 418 0.000317
68 301 0.793146
68 943 0.761667
68 447 0.782833
68 404 0.035711
68 72 0.787347
68 79 0.745668
68 603 0.873925
68 500 0.808538
68 377 0.805233
68 194 0.029893
69 207 0.082061
69 529 0.092562
69 910 0.955507
69 170 0.866292
69 697 0.928653
69 154 0.913883
69 333 0.831133
69 205 0.162271
70 773 0.988939
70 589 0.812014
70 726 0.901164
70 988 0.702525
70 80 0.734054
70 810 0.150919
70 82 0.743601
70 601 0.802642
70 868 0.857589
70 246 0.913181
70 456 0.285684
70 902 0.148091
71 142 0.787877
71 564 0.758865
71 448 0.753925
71 994 0.182797
71 330 0.702141
71 332 0.709829
71 355 0.785024
72 250 0.006153
72 286 0.152728
72 896 0.757782
72 582 0.722474
72 541 0.830783
72 420 0.949740
72 613 0.745852
72 717 0.750320
72 555 0.711174
72 79 0.753126
72 253 0.982084
72 839 0.973215
72 377 0.867916
72 268 0.200225
72 500 0.846119
73 623 0.212581
73 952 0.789869
73 575 0.829964
73 108 0.901214
73 300 0.290234
73 720 0.862695
73 849 0.892392
73 722 0.728301
73 83 0.767939
73 597 0.787226
74 947 0.151052
74 384 0.263151
74 412 0.787601
74 669 0.945380
74 559 0.811421
74 690 0.801503
74 536 0.754904
74 852 0.722601
74 252 0.797308
74 404 0.024615
74 731 0.708162
75 741 0.196147
75 231 0.206647
75 397 0.755596
75 524 0.789311
75 414 0.747424
75 556 0.902412
75 308 0.849984
75 281 0.885719
75 422 0.975594
75 854 0.264042
76 768 0.969170
76 279 0.712638
76 418 0.912078
76 878 0.949820
76 338 0.023659
76 77 0.901411
76 825 0.054204
77 768 0.845875
77 848 0.923009
77 510 0.910876
77 451 0.871731
77 916 0.949829
77 862 0.862126
77 917 0.287395
77 984 0.827733
77 813 0.293456
78 649 0.922598
78 813 0.968923
78 558 0.813876
78 691 0.901728
78 443 0.991455
78 841 0.733030
78 216 0.786704
79 290 0.028243
79 541 0.844663
79 301 0.717078
79 177 0.941589
79 582 0.947990
79 867 0.845385
79 839 0.718048
79 613 0.869307
79 447 0.737672
79 500 0.721513
79 943 0.760516
79 183 0.957435
79 253 0.782639
79 265 0.851542
79 603 0.774077
79 200 0.983593
79 687 0.885869
79 326 0.879200
79 522 0.961393
79 894 0.116679
79 142 0.055926
79 807 0.252921
79 374 0.942359
79 139 0.031438
80 657 0.719525
80 449 0.839858
80 589 0.894458
80 230 0.849502
80 835 0.939835
80 399 0.808922
80 833 0.057064
80 82 0.992599
80 601 0.704615
80 868 0.817952
81 775 0.925989
81 827 0.752654
81 708 0.837253
81 340 0.792388
81 804 0.743335
81 955 0.839091
81 975 0.970136
81 562 0.930179
81 700 0.844768
81 855 0.853970
81 299 0.737790
81 240 0.990043
81 764 0.853055
81 996 0.881907
81 241 0.802645
81 866 0.027600
81 337 0.826941
81 638 0.913303
82 473 0.708514
82 230 0.948454
82 379 0.888117
82 726 0.929599
82 589 0.958911
82 517 0.924835
82 601 0.805916
82 322 0.864328
82 399 0.827544
82 454 0.800921
82 730 0.767274
82 718 0.775778
82 246 0.956533
82 168 0.774904
82 389 0.922486
82 748 0.833959
82 868 0.772207
82 361 0.956527
82 728 0.726147
82 988 0.728653
82 714 0.898953
82 83 0.051697
82 843 0.193615
82 429 0.258930
83 796 0.780661
83 545 0.726302
83 290 0.909082
83 720 0.991588
83 849 0.758039
83 597 0.904214
83 108 0.976648
83 952 0.708507
83 103 0.887748
83 886 0.871678
83 760 0.853140
83 722 0.777004
83 741 0.829471
83 100 0.843639
83 497 0.820516
83 575 0.866364
83 444 0.998785
83 976 0.801480
83 919 0.976802
83 632 0.732417
83 212 0.992780
83 925 0.056548
83 432 0.060018
83 362 0.027664
84 87 0.161282
84 463 0.874291
84 536 0.904356
84 412 0.755640
84 247 0.224096
84 375 0.846109
85 525 0.900175
85 876 0.921469
85 277 0.809872
85 918 0.987484
85 615 0.868844
85 969 0.712807
85 420 0.063335
86 642 0.837830
86 297 0.827068
86 528 0.891368
86 790 0.813299
86 964 0.797612
86 802 0.115473
86 232 0.805652
87 287 0.781787
87 461 0.750476
87 928 0.951592
87 173 0.701109
87 204 0.839409
87 196 0.860903
87 958 0.788359
87 985 0.788112
87 138 0.293824
88 909 0.077684
88 698 0.886269
88 782 0.790331
88 825 0.934735
88 298 0.929801
88 744 0.906277
88 217 0.066686
89 948 0.811929
89 860 0.838304
89 573 0.900746
89 909 0.820004
89 419 0.876561
89 718 0.067266
89 605 0.793014
90 178 0.936587
90 823 0.912279
90 554 0.873234
90 470 0.002503
90 480 0.898467
91 648 0.819451
91 779 0.786578
91 96 0.965300
91 484 0.934981
91 739 0.771514
91 875 0.227530
92 129 0.700943
92 134 0.978760
92 794 0.916148
92 966 0.872990
92 596 0.860421
92 763 0.818154
92 232 0.011871
93 515 0.725508
93 526 0.757465
93 158 0.714527
93 172 0.916466
93 453 0.777980
93 842 0.100649
93 231 0.943114
93 915 0.207226
94 648 0.853789
94 363 0.797254
94 291 0.703028
94 634 0.991483
94 110 0.896643
94 243 0.784226
94 716 0.925080
94 659 0.925465
94 773 0.236875
94 752 0.059932
95 779 0.855816
95 735 0.833555
95 622 0.757378
95 484 0.708668
95 659 0.775951
95 331 0.719810
95 849 0.053374
95 243 0.752177
95 803 0.102761
95 512 0.077654
95 105 0.268602
96 648 0.935883
96 779 0.968685
96 706 0.815893
96 590 0.877742
96 989 0.919811
96 799 0.842860
96 341 0.080643
96 916 0.054495
96 152 0.190939
97 419 0.773379
97 605 0.945794
97 951 0.166083
97 883 0.830048
97 159 0.221625
98 160 0.888718
98 812 0.957278
98 309 0.700404
98 591 0.775201
98 992 0.713742
98 917 0.243326
98 472 0.283522
98 635 0.122329
99 669 0.841635
99 536 0.901044
99 908 0.893267
99 187 0.801254
99 863 0.970870
99 219 0.976409
99 869 0.806209
99 690 0.897174
99 857 0.963363
99 770 0.256922
99 249 0.912939
100 796 0.847039
100 575 0.958663
100 849 0.808682
100 722 0.871956
100 108 0.975974
100 623 0.248695
100 632 0.748525
101 831 0.151086
101 298 0.958882
101 698 0.761785
101 138 0.852043
101 729 0.218997
101 744 0.864070
101 382 0.832724
102 641 0.957740
102 153 0.993202
102 797 0.702679
102 548 0.737029
102 329 0.924490
102 104 0.969794
102 382 0.164315
103 952 0.913547
103 444 0.985044
103 849 0.773200
103 597 0.825331
103 976 0.811769
103 932 0.211239
104 897 0.875355
104 329 0.905334
104 488 0.726928
104 175 0.118928
105 743 0.941106
105 599 0.790968
105 840 0.810019
105 277 0.936554
105 203 0.869820
105 969 0.920983
105 918 0.875954
105 362 0.855869
106 513 0.748994
106 258 0.948099
106 643 0.713813
106 961 0.827679
106 740 0.925297
106 624 0.979266
106 251 0.990150
106 218 0.069284
106 578 0.293418
107 775 0.971923
107 723 0.847703
107 223 0.831526
107 807 0.844944
107 797 0.076228
108 290 0.978976
108 952 0.735421
108 597 0.923973
108 645 0.109501
109 559 0.871982
109 690 0.944271
109 767 0.801675
109 412 0.705437
109 187 0.906394
109 587 0.764228
109 857 0.702914
109 400 0.826345
109 321 0.053158
110 648 0.990364
110 779 0.907990
110 324 0.839948
110 190 0.990915
110 618 0.297105
110 121 0.831788
111 768 0.995261
111 475 0.709140
111 848 0.960331
111 510 0.704206
111 407 0.206967
111 127 0.752027
112 779 0.104125
112 710 0.091215
112 273 0.991581
112 928 0.897868
112 317 0.761308
112 204 0.719745
112 985 0.706439
113 899 0.935042
113 905 0.844020
113 181 0.833034
113 838 0.818381
113 729 0.979863
113 752 0.857268
113 635 0.798772
113 175 0.139718
114 904 0.997902
114 526 0.826255
114 140 0.968503
114 550 0.874303
114 553 0.708734
114 453 0.742402
114 231 0.916947
114 912 0.175439
115 611 0.135140
115 128 0.945060
115 425 0.767984
115 303 0.763296
115 725 0.948737
115 634 0.246546
116 813 0.728976
116 756 0.892971
116 893 0.706092
116 398 0.943876
116 933 0.731313
116 205 0.942629
116 289 0.134503
116 956 0.038895
117 526 0.779245
117 158 0.980933
117 679 0.880943
117 815 0.721346
117 442 0.909598
117 453 0.861364
118 305 0.804522
118 565 0.874457
118 836 0.821250
118 710 0.913131
119 690 0.990757
119 606 0.859992
119 307 0.861744
119 847 0.144263
119 731 0.759746
119 249 0.739550
120 897 0.778177
120 434 0.883901
120 614 0.736418
120 126 0.721993
120 548 0.810220
120 192 0.729166
120 488 0.788262
120 797 0.752678
120 798 0.284384
121 648 0.923828
121 832 0.728499
121 739 0.793238
121 266 0.266684
121 283 0.201690
122 903 0.952163
122 653 0.970619
122 141 0.892199
122 272 0.901543
122 305 0.701967
122 482 0.816181
122 736 0.814216
122 471 0.893040
122 565 0.997035
122 710 0.924588
122 854 0.965931
122 583 0.859819
122 836 0.863413
122 920 0.782712
122 593 0.993477
122 435 0.914037
122 995 0.835004
122 469 0.886446
122 888 0.997023
122 318 0.068554
122 340 0.288981
122 811 0.166498
123 453 0.076137
123 178 0.754933
123 480 0.772083
123 225 0.713530
123 529 0.182488
124 725 0.800317
124 275 0.752803
124 486 0.779322
124 533 0.752271
124 905 0.170191
125 564 0.796447
125 194 0.899204
125 330 0.986194
125 332 0.877525
125 355 0.950771
125 359 0.785082
125 285 0.214241
125 397 0.185252
126 670 0.806379
126 797 0.933211
126 614 0.769051
126 275 0.157544
127 768 0.931446
127 408 0.816576
127 390 0.935087
127 351 0.794457
127 882 0.944327
127 186 0.993746
127 418 0.767812
127 916 0.994407
127 753 0.735245
127 285 0.804774
127 137 0.757978
127 755 0.721954
127 862 0.981017
127 279 0.943744
127 848 0.773243
127 737 0.837591
127 475 0.944598
127 280 0.197696
127 574 0.205160
128 702 0.958786
128 600 0.987539
128 681 0.941879
128 725 0.734225
128 496 0.829849
128 731 0.215187
128 275 0.829269
128 793 0.869748
128 303 0.894847
128 242 0.802997
128 628 0.740586
129 881 0.804405
129 667 0.952548
129 671 0.942375
129 870 0.743136
129 959 0.979790
129 845 0.808886
129 452 0.823824
129 411 0.987085
129 778 0.175691
129 262 0.788054
129 394 0.822054
129 966 0.965052
129 759 0.815508
130 591 0.148729
130 205 0.765860
130 649 0.854415
130 334 0.984144
130 197 0.964019
130 661 0.166105
130 806 0.911327
130 813 0.840428
130 691 0.941394
130 443 0.995097
130 841 0.958596
130 238 0.963358
130 756 0.947066
131 543 0.088264
131 136 0.871258
131 778 0.744327
131 734 0.858172
131 529 0.874233
131 181 0.868264
131 752 0.812059
131 635 0.952034
131 789 0.153152
132 553 0.163120
132 756 0.172356
132 513 0.770690
132 643 0.956426
132 387 0.870586
132 771 0.778093
132 258 0.915043
132 416 0.990685
132 638 0.123252
132 251 0.805157
133 502 0.969518
133 661 0.725291
133 487 0.730737
133 633 0.798648
133 542 0.866573
133 666 0.874526
133 950 0.788785
133 704 0.770330
133 245 0.993813
133 508 0.950019
133 395 0.971042
133 626 0.937723
134 986 0.031664
134 780 0.732640
134 671 0.865021
134 440 0.808522
134 845 0.800148
134 881 0.976642
134 763 0.908814
134 166 0.888170
134 596 0.815158
134 262 0.710913
134 765 0.936246
135 555 0.260609
135 693 0.195003
135 296 0.975469
135 616 0.789416
135 409 0.900938
135 963 0.761990
136 580 0.175051
136 895 0.729203
136 479 0.994010
136 635 0.787671
136 493 0.703640
136 602 0.762956
136 843 0.802326
136 226 0.986572
136 630 0.902760
136 878 0.000258
136 905 0.735757
136 181 0.956128
136 534 0.032495
136 335 0.065911
137 768 0.882201
137 984 0.717262
137 285 0.891166
137 882 0.915916
137 848 0.779237
137 862 0.798520
137 737 0.978792
137 144 0.188489
137 279 0.809692
137 974 0.744413
137 753 0.932305
138 961 0.236011
138 774 0.757098
138 338 0.883480
138 825 0.771694
138 967 0.802272
138 353 0.947911
139 523 0.893617
139 721 0.856708
139 859 0.734353
139 905 0.957387
139 602 0.928451
139 493 0.906130
139 734 0.709713
139 999 0.847591
139 181 0.810151
139 843 0.753657
139 752 0.915401
139 635 0.796905
140 974 0.089267
140 526 0.717386
140 574 0.816714
140 198 0.872233
140 789 0.151743
140 158 0.932049
140 810 0.762596
140 453 0.811616
140 231 0.860770
141 965 0.169362
141 710 0.962053
141 957 0.919120
141 593 0.826589
141 561 0.987910
141 471 0.843925
141 286 0.042883
141 917 0.728102
141 410 0.807865
141 836 0.777670
141 460 0.907627
141 977 0.925288
141 287 0.286673
142 267 0.838995
142 968 0.870008
142 180 0.780142
142 495 0.900024
142 356 0.981861
142 767 0.170914
142 439 0.719835
142 693 0.705636
142 191 0.750229
142 586 0.831998
142 355 0.837064
143 909 0.723677
143 664 0.916397
143 419 0.724843
143 573 0.994166
143 641 0.202164
143 923 0.712742
143 438 0.845971
143 806 0.269187
143 640 0.230950
143 542 0.258734
144 917 0.039877
144 266 0.824732
144 909 0.755424
144 988 0.152147
144 826 0.842764
144 604 0.727522
144 605 0.980595
144 560 0.092267
145 321 0.944817
145 511 0.962791
145 270 0.748282
145 233 0.839253
145 493 0.087480
145 788 0.769389
145 150 0.761217
145 537 0.908636
145 546 0.950489
145 684 0.921923
145 694 0.832445
145 981 0.870419
145 611 0.833685
145 517 0.154101
146 756 0.252892
146 554 0.233264
146 615 0.977150
146 203 0.772797
146 969 0.944177
146 341 0.863401
146 362 0.735497
147 749 0.095550
147 772 0.856324
147 938 0.824470
147 939 0.966024
147 220 0.171772
147 795 0.852642
147 797 0.853543
147 548 0.930195
147 329 0.993681
147 488 0.731369
147 619 0.784761
147 568 0.050780
148 900 0.965147
148 901 0.754673
148 260 0.787412
148 264 0.962439
148 776 0.758162
148 271 0.817945
149 891 0.085510
149 395 0.882471
149 784 0.973520
149 406 0.749911
149 235 0.756319
149 464 0.858314
149 776 0.069145
149 661 0.972959
149 683 0.770106
149 508 0.910055
150 644 0.820181
150 699 0.917684
150 954 0.745380
150 675 0.704398
150 312 0.938197
150 450 0.875877
150 237 0.018697
150 537 0.967633
150 546 0.813671
150 684 0.869317
150 321 0.931897
150 981 0.824439
151 422 0.012407
151 396 0.844678
151 910 0.983010
151 283 0.138757
151 926 0.771364
151 934 0.780849
151 175 0.888326
152 344 0.984400
152 668 0.730096
152 696 0.734345
152 662 0.747024
152 415 0.945753
152 930 0.829513
152 928 0.777784
152 179 0.940818
152 461 0.956717
152 985 0.800832
152 762 0.778880
152 727 0.014497
153 921 0.203383
153 641 0.742276
153 939 0.928510
153 488 0.846673
153 192 0.719557
153 434 0.820394
153 161 0.716437
153 897 0.817100
153 416 0.087782
153 670 0.965017
153 797 0.779837
153 612 0.773309
153 614 0.924540
153 252 0.157664
154 534 0.953337
154 910 0.810448
154 358 0.848470
154 512 0.888019
154 667 0.038173
154 335 0.995001
154 336 0.779894
155 903 0.035247
155 563 0.915335
155 260 0.703920
155 567 0.824847
155 271 0.914816
155 921 0.885231
155 510 0.182865
155 775 0.034596
156 270 0.971884
156 788 0.733352
156 537 0.823461
156 365 0.769228
156 501 0.860721
156 428 0.810378
156 620 0.136814
156 546 0.761988
156 321 0.993186
156 738 0.885777
156 503 0.063650
157 905 0.915916
157 778 0.905510
157 602 0.759522
157 729 0.775565
157 165 0.992355
157 850 0.720792
157 944 0.223871
157 163 0.766341
157 181 0.786025
157 843 0.773249
157 208 0.832795
157 752 0.770800
157 635 0.923649
157 559 0.293787
158 904 0.773085
158 198 0.865530
158 815 0.986536
158 639 0.998229
158 231 0.900293
158 608 0.796788
158 711 0.772783
158 713 0.862966
158 571 0.887761
158 457 0.941271
158 380 0.834765
158 311 0.733331
158 837 0.736115
158 679 0.833966
158 316 0.809771
158 531 0.941553
158 550 0.717603
158 553 0.783497
158 485 0.954816
158 509 0.858612
158 328 0.930752
158 689 0.849679
158 647 0.789921
158 458 0.777413
158 515 0.732698
158 688 0.752306
158 442 0.812240
158 453 0.790323
158 946 0.765501
158 574 0.743587
158 172 0.943315
158 676 0.887351
158 758 0.732366
158 972 0.921380
158 221 0.988000
158 526 0.910254
158 751 0.740702
158 294 0.778687
158 778 0.134032
158 957 0.250123
158 447 0.197293
158 281 0.253212
158 764 0.279259
158 360 0.140181
159 775 0.788933
159 700 0.713976
159 861 0.805088
159 807 0.998888
159 827 0.732642
159 188 0.749306
159 871 0.971002
160 973 0.947223
160 935 0.918442
160 997 0.800558
160 207 0.989534
160 712 0.790216
160 470 0.940456
160 395 0.273771
160 674 0.748264
160 304 0.947456
160 960 0.923750
160 747 0.991618
160 460 0.288382
160 619 0.174387
161 797 0.895866
161 481 0.119718
161 434 0.864599
162 416 0.180264
162 275 0.882823
162 791 0.927288
162 303 0.718322
162 523 0.296228
162 681 0.879576
162 978 0.826867
162 725 0.905299
162 255 0.837661
162 170 0.246444
163 523 0.706185
163 208 0.982892
163 905 0.896725
163 899 0.977824
163 630 0.924649
163 223 0.128708
163 635 0.718536
163 869 0.246351
164 519 0.705753
164 829 0.958201
164 578 0.992149
164 770 0.978637
164 284 0.716993
164 733 0.873500
164 404 0.869869
164 569 0.751752
164 409 0.892606
164 280 0.703922
164 685 0.732839
164 735 0.001779
164 431 0.764160
164 963 0.701856
165 905 0.704999
165 635 0.854720
165 859 0.725488
165 181 0.789536
166 394 0.788123
166 650 0.892990
166 780 0.759562
166 894 0.228966
166 579 0.827090
166 870 0.703889
166 765 0.951789
166 447 0.076027
166 843 0.126642
167 674 0.968635
167 746 0.805998
167 176 0.803561
167 812 0.897381
167 465 0.874529
167 846 0.790991
167 732 0.228332
167 960 0.996481
167 992 0.938513
167 515 0.055429
168 533 0.118087
168 657 0.956146
168 773 0.998449
168 389 0.718322
168 509 0.240272
168 589 0.786345
168 601 0.915562
168 606 0.099502
169 274 0.716478
169 930 0.705481
169 461 0.818026
169 273 0.736306
169 234 0.911642
169 909 0.065866
170 512 0.985131
170 209 0.940271
170 934 0.851033
170 392 0.755883
170 677 0.808220
170 335 0.860369
170 222 0.814865
171 345 0.878167
171 474 0.716355
171 554 0.712687
171 185 0.849393
171 225 0.951227
171 660 0.871345
171 202 0.805965
171 480 0.781177
171 248 0.879576
171 173 0.087225
171 741 0.221210
171 178 0.856478
172 526 0.953761
172 380 0.790377
172 608 0.704648
172 328 0.829114
172 430 0.056174
172 453 0.842447
172 231 0.705967
172 928 0.022532
173 930 0.959211
173 762 0.752119
173 617 0.940564
173 415 0.918799
173 921 0.066387
173 598 0.946778
173 234 0.899081
173 824 0.266139
174 906 0.165425
174 408 0.238980
174 652 0.879095
174 923 0.071449
174 432 0.840982
174 306 0.793506
174 884 0.887105
175 392 0.840741
175 335 0.953362
175 856 0.844370
175 423 0.944306
176 906 0.983146
176 812 0.723806
176 465 0.767342
176 598 0.287858
176 701 0.775745
176 960 0.881359
176 462 0.888354
177 234 0.225404
177 943 0.717109
177 867 0.876093
177 613 0.965745
177 945 0.820144
177 253 0.787479
177 541 0.970048
177 189 0.022621
177 582 0.975202
177 754 0.897974
177 500 0.832735
178 738 0.289935
178 327 0.785952
178 877 0.040554
178 480 0.979947
178 373 0.935529
179 274 0.848987
179 402 0.769273
179 415 0.708973
179 344 0.915624
179 197 0.112319
179 234 0.809263
179 762 0.790277
180 183 0.181658
180 267 0.864751
180 189 0.894273
180 495 0.701886
180 281 0.099073
180 191 0.738875
180 194 0.963687
180 355 0.889825
181 415 0.093695
181 905 0.729394
181 635 0.864852
181 236 0.745513
181 999 0.748490
181 630 0.727340
181 778 0.934846
181 734 0.869132
181 729 0.974838
181 208 0.931063
181 479 0.764434
181 850 0.879226
181 529 0.746785
181 226 0.815014
181 843 0.852684
181 941 0.915578
181 752 0.803437
181 493 0.858762
181 859 0.845892
181 724 0.856506
181 838 0.840892
181 899 0.918199
181 444 0.123665
181 494 0.148685
181 278 0.249224
181 895 0.915803
181 436 0.078711
182 263 0.718254
182 540 0.778948
182 925 0.992692
182 889 0.753518
182 252 0.204683
182 254 0.799809
183 943 0.771586
183 618 0.822938
183 896 0.928756
183 555 0.912895
183 447 0.708120
183 500 0.723754
183 377 0.732489
184 896 0.999723
184 300 0.706532
184 568 0.717621
184 500 0.901695
184 377 0.839756
184 996 0.154835
184 200 0.810701
185 554 0.883025
185 225 0.702956
185 480 0.867780
185 396 0.269436
185 373 0.712886
186 916 0.875477
186 768 0.733755
186 848 0.961049
186 984 0.736946
186 840 0.213057
186 451 0.767835
186 351 0.704623
186 993 0.802367
186 882 0.928915
187 672 0.135121
187 412 0.845827
187 249 0.966627
187 669 0.814702
187 690 0.874506
187 307 0.812989
187 922 0.233280
187 857 0.991591
187 745 0.992336
188 807 0.966760
188 638 0.704429
188 239 0.729915
188 822 0.999944
188 764 0.819685
188 853 0.787325
188 268 0.987422
188 398 0.275049
188 855 0.765066
189 766 0.261025
189 439 0.823059
189 693 0.808003
189 364 0.707853
189 267 0.715719
189 483 0.917503
189 359 0.857139
189 485 0.291462
189 194 0.903592
189 586 0.861609
189 332 0.746514
189 833 0.031901
190 648 0.811004
190 786 0.989629
190 799 0.706927
190 931 0.906189
190 989 0.747304
190 965 0.821624
190 831 0.173151
190 357 0.750631
190 622 0.871772
190 314 0.055903
190 762 0.095052
191 564 0.763855
191 586 0.994220
191 364 0.976829
191 692 0.875783
191 968 0.886170
191 224 0.917982
191 486 0.120748
191 194 0.725274
191 332 0.927543
191 355 0.803617
192 772 0.784251
192 795 0.937071
192 670 0.983269
192 797 0.718006
192 322 0.241316
193 800 0.959760
193 321 0.776547
193 699 0.999779
193 684 0.878491
193 629 0.872833
193 256 0.253906
194 693 0.892313
194 564 0.896395
194 439 0.976264
194 267 0.753300
194 828 0.712456
194 237 0.870339
194 483 0.868047
194 968 0.858397
194 970 0.929194
194 355 0.848016
195 644 0.827164
195 537 0.752650
195 546 0.862029
195 501 0.942961
195 365 0.784582
195 816 0.928794
195 490 0.800895
195 676 0.098324
195 981 0.924270
195 623 0.713399
196 488 0.072670
196 925 0.029853
196 274 0.813689
196 668 0.911266
196 930 0.836294
196 461 0.761988
196 355 0.204334
196 524 0.282521
197 572 0.873051
197 858 0.841170
197 616 0.047170
197 841 0.725776
197 210 0.897908
197 982 0.805451
197 756 0.909059
198 526 0.868399
198 453 0.759851
198 231 0.975714
199 663 0.937556
199 705 0.896704
199 577 0.781407
199 218 0.938569
200 993 0.083679
200 603 0.745724
200 500 0.937624
200 690 0.228642
201 649 0.784849
201 443 0.732981
201 841 0.956696
201 944 0.712364
201 592 0.964815
201 449 0.000903
201 210 0.856684
201 467 0.894468
201 238 0.860332
201 756 0.739633
202 481 0.912358
202 465 0.163664
202 474 0.714725
202 480 0.979297
202 373 0.885418
203 647 0.123507
203 205 0.084779
203 525 0.963561
203 969 0.905020
203 842 0.824146
203 715 0.944010
203 362 0.883742
204 388 0.969025
204 274 0.701253
204 930 0.983362
204 696 0.747925
204 252 0.110709
204 762 0.969252
205 997 0.083079
205 813 0.749541
205 691 0.773207
205 982 0.956348
205 756 0.834341
205 215 0.100765
206 648 0.958585
206 779 0.985360
206 659 0.808683
206 832 0.878115
206 706 0.736756
206 324 0.898463
206 363 0.792793
206 957 0.064697
206 989 0.960504
206 622 0.726921
206 243 0.834422
207 960 0.703725
207 973 0.787561
207 465 0.966532
207 586 0.141907
208 712 0.182820
208 752 0.833432
208 778 0.941264
208 724 0.856319
208 905 0.751907
208 999 0.743976
208 479 0.998890
208 226 0.821350
208 484 0.098550
208 635 0.985080
209 336 0.961258
209 914 0.713291
209 910 0.833520
209 934 0.913614
209 738 0.014744
210 813 0.994280
210 557 0.726738
210 558 0.895945
210 572 0.904171
210 874 0.714602
210 678 0.704897
210 398 0.945784
210 983 0.903362
210 216 0.837602
210 944 0.714521
210 982 0.970564
210 238 0.715516
210 320 0.762879
210 334 0.903906
210 942 0.904439
210 841 0.888014
210 467 0.820479
210 819 0.907607
210 756 0.824315
210 299 0.059394
211 648 0.195439
211 552 0.795941
211 680 0.761143
211 556 0.997995
211 686 0.932521
211 834 0.943286
212 290 0.759037
212 952 0.897006
212 679 0.113417
213 270 0.977956
213 800 0.908148
213 546 0.805995
213 816 0.806404
213 282 0.053687
213 738 0.891625
214 396 0.866739
214 336 0.747786
214 697 0.739043
214 856 0.961775
214 260 0.222805
215 614 0.036995
215 769 0.891608
215 261 0.897506
215 549 0.837883
215 576 0.947283
215 269 0.734348
215 286 0.825381
215 424 0.928491
216 813 0.974791
216 691 0.958004
216 968 0.108961
216 756 0.743001
217 929 0.894705
217 960 0.826205
217 462 0.850814
217 747 0.876386
217 746 0.990859
217 319 0.116671
217 997 0.768338
218 480 0.246067
218 898 0.978628
218 646 0.759751
218 655 0.874354
218 584 0.868716
218 991 0.722161
218 346 0.764398
218 824 0.796383
218 705 0.892642
218 577 0.727514
218 817 0.861357
218 980 0.893612
218 663 0.964878
218 319 0.968509
218 466 0.951329
218 244 0.704846
218 349 0.715546
218 826 0.279529
219 690 0.712863
219 857 0.914691
219 908 0.750816
219 669 0.964914
219 330 0.287094
220 909 0.901501
220 923 0.763180
220 437 0.923263
220 605 0.714271
220 994 0.063821
220 636 0.068763
220 657 0.031868
221 515 0.804093
221 904 0.839490
221 526 0.929736
221 689 0.997378
221 453 0.836299
221 441 0.014455
221 540 0.056107
222 392 0.973305
222 934 0.707346
222 856 0.857292
222 318 0.907978
223 775 0.723220
223 955 0.818368
223 429 0.815471
223 827 0.850609
223 855 0.887779
223 340 0.919938
223 299 0.820588
223 822 0.767372
223 507 0.739041
223 732 0.059322
224 310 0.201574
224 359 0.817036
224 355 0.784883
225 480 0.738318
225 554 0.767447
225 342 0.806107
225 474 0.705051
225 481 0.844966
225 844 0.926393
225 890 0.180913
226 905 0.887040
226 843 0.982201
227 913 0.981911
227 537 0.955898
227 800 0.810109
227 546 0.701368
227 694 0.900897
227 321 0.985998
227 611 0.777537
228 742 0.149161
228 642 0.949942
228 790 0.836367
228 566 0.749613
228 441 0.812667
228 964 0.939952
228 715 0.209966
229 846 0.164796
229 661 0.840966
229 704 0.935552
229 558 0.292813
230 756 0.125391
230 389 0.946035
230 449 0.890609
230 601 0.747289
231 810 0.843762
231 815 0.744952
231 453 0.733687
231 751 0.800492
231 711 0.863126
231 550 0.785740
231 509 0.938910
231 295 0.930975
231 571 0.831786
231 311 0.713462
231 457 0.719760
231 294 0.955769
231 758 0.885267
231 469 0.127257
231 400 0.106420
232 642 0.761100
232 528 0.836359
232 790 0.914728
232 441 0.843837
232 588 0.713155
232 873 0.972479
232 489 0.773950
232 645 0.935510
232 777 0.994080
232 887 0.921363
232 994 0.872188
232 566 0.780285
232 297 0.784606
232 505 0.741050
232 831 0.960444
232 865 0.889416
232 289 0.933676
232 259 0.859224
232 936 0.089874
232 739 0.252443
233 270 0.761691
233 788 0.818154
233 546 0.732786
233 321 0.738439
233 981 0.966075
233 611 0.948113
233 518 0.248531
234 478 0.172404
234 402 0.873798
234 461 0.952684
234 598 0.703715
234 617 0.776332
234 274 0.930259
234 928 0.742916
234 662 0.953700
234 762 0.717535
234 625 0.907851
234 555 0.261643
234 362 0.029603
235 666 0.715154
235 508 0.873282
235 661 0.845233
235 459 0.095971
236 905 0.950526
236 941 0.865609
236 479 0.745577
236 999 0.779133
236 838 0.889324
236 293 0.035357
236 895 0.881787
237 304 0.199749
237 692 0.928718
237 439 0.752223
237 693 0.820176
237 828 0.771009
237 355 0.702024
238 649 0.799814
238 813 0.812604
238 398 0.782260
238 506 0.764003
238 467 0.732573
238 974 0.217904
238 756 0.845121
239 775 0.790581
239 922 0.878036
239 861 0.764431
239 727 0.908175
239 566 0.021752
239 638 0.996808
240 775 0.805865
240 268 0.996049
240 429 0.752903
240 427 0.993009
240 546 0.175435
241 775 0.820212
241 426 0.753693
241 827 0.769596
241 996 0.946026
241 954 0.277079
241 638 0.806036
241 770 0.178959
242 793 0.909538
242 725 0.887422
242 600 0.771204
242 894 0.982246
242 255 0.987101
242 775 0.099859
243 648 0.731601
243 779 0.957912
243 962 0.916914
243 324 0.967859
243 739 0.919572
243 931 0.855679
243 622 0.967026
243 799 0.891757
243 965 0.904739
243 706 0.993966
243 357 0.757870
243 363 0.774662
243 659 0.979543
243 414 0.018506
243 495 0.125071
244 566 0.240314
244 951 0.913011
244 991 0.764654
244 584 0.701303
244 980 0.900267
244 456 0.853900
244 577 0.709688
244 329 0.215377
245 406 0.700288
245 360 0.721018
245 658 0.142046
246 657 0.831963
246 322 0.960738
246 454 0.836282
246 714 0.911784
247 258 0.713190
247 643 0.871824
247 961 0.816430
247 607 0.920864
247 387 0.737154
247 251 0.809360
247 983 0.198659
248 790 0.106472
248 342 0.775182
248 474 0.992125
248 480 0.790552
248 327 0.841374
248 959 0.273258
248 940 0.221533
248 843 0.275672
248 296 0.222372
249 375 0.755027
249 863 0.935447
249 606 0.922272
249 669 0.742998
249 542 0.176692
250 798 0.883109
250 462 0.780515
250 846 0.706467
250 992 0.992575
250 840 0.083240
251 643 0.714441
251 405 0.923123
251 740 0.934015
251 283 0.935837
251 750 0.874023
251 811 0.120315
251 905 0.118886
252 863 0.813169
252 745 0.817107
253 563 0.233721
253 896 0.962025
253 945 0.802681
253 582 0.847826
253 754 0.880723
253 500 0.758967
254 765 0.150931
254 540 0.819273
254 884 0.894819
254 306 0.742537
254 369 0.883780
254 605 0.209302
255 506 0.291947
255 533 0.985087
255 681 0.989385
255 725 0.844916
255 620 0.846387
255 978 0.733851
255 897 0.165154
256 327 0.200603
256 551 0.972621
256 771 0.791868
256 808 0.810439
256 387 0.790152
256 607 0.716995
256 740 0.760274
256 582 0.104258
256 468 0.283234
257 637 0.967645
257 401 0.981303
257 350 0.194674
257 271 0.754699
257 802 0.957194
257 759 0.285640
258 624 0.851666
258 864 0.909302
258 387 0.823620
258 740 0.977176
258 588 0.129842
258 757 0.037749
258 284 0.079741
259 642 0.905005
259 631 0.770168
259 790 0.893328
259 972 0.268602
259 645 0.806943
259 528 0.981718
259 566 0.786977
259 792 0.263855
260 401 0.812678
260 921 0.763264
260 637 0.823244
260 776 0.987556
260 567 0.889799
260 665 0.987878
260 689 0.235224
260 293 0.781078
260 646 0.171259
261 516 0.961658
261 549 0.791571
261 378 0.781818
261 503 0.800963
261 317 0.269644
261 809 0.717409
261 323 0.990278
262 763 0.709506
262 530 0.790520
262 650 0.831841
262 780 0.786759
262 596 0.761002
262 855 0.273684
262 794 0.840569
262 579 0.864001
262 759 0.768858
262 765 0.867449
263 369 0.943579
263 884 0.786118
263 539 0.718161
263 774 0.007758
263 912 0.749495
263 540 0.756925
263 925 0.810566
263 930 0.138978
264 901 0.810494
264 761 0.084738
264 776 0.989646
264 271 0.712251
264 516 0.026050
265 541 0.774069
265 568 0.939683
265 447 0.945271
265 269 0.199838
265 420 0.799066
266 433 0.875246
266 419 0.954455
266 477 0.264166
266 605 0.967751
266 681 0.107863
267 383 0.756242
267 486 0.226117
267 692 0.984105
267 828 0.880883
267 355 0.810593
267 343 0.063790
268 719 0.032470
268 562 0.994120
268 299 0.775073
268 337 0.751335
268 554 0.166509
268 915 0.857008
268 427 0.993887
268 507 0.933183
269 451 0.067603
269 769 0.722187
269 656 0.958430
269 503 0.997946
269 754 0.293766
269 549 0.823584
270 981 0.885847
270 684 0.923005
270 913 0.741064
270 537 0.964710
270 738 0.842398
270 801 0.975672
270 501 0.857000
270 954 0.953224
270 450 0.737551
270 816 0.736727
270 953 0.014496
270 292 0.936159
270 321 0.825573
270 979 0.718590
270 611 0.770922
271 401 0.729039
271 921 0.732096
271 802 0.900507
271 282 0.742598
271 488 0.085690
271 637 0.944765
272 995 0.941243
272 986 0.961549
272 471 0.840983
272 460 0.789822
272 292 0.101280
272 736 0.796699
273 388 0.798495
273 461 0.847658
273 402 0.892238
273 488 0.201092
273 274 0.854709
273 662 0.783117
273 421 0.715259
273 985 0.882035
273 762 0.932399
273 300 0.129038
274 672 0.742901
274 625 0.863516
274 344 0.908915
274 287 0.893785
274 932 0.773680
274 461 0.818461
274 551 0.226580
274 713 0.238848
274 762 0.713087
274 409 0.082654
275 575 0.208896
275 437 0.172095
275 610 0.797806
275 725 0.844251
275 303 0.770457
275 718 0.192060
275 533 0.817176
276 801 0.278171
276 880 0.802911
276 547 0.754726
276 930 0.045190
276 539 0.992073
276 540 0.871318
276 925 0.744423
276 306 0.870732
276 472 0.907945
277 476 0.964112
277 840 0.708805
277 918 0.962803
277 621 0.746063
277 715 0.910937
277 366 0.933931
277 435 0.106084
277 599 0.936449
277 362 0.891197
278 977 0.062732
278 900 0.980146
278 901 0.833099
278 401 0.719632
278 316 0.270489
278 449 0.117222
278 918 0.088114
279 768 0.957212
279 916 0.945811
279 370 0.969275
279 608 0.299853
279 451 0.966009
279 878 0.967060
279 755 0.776176
279 413 0.247745
279 513 0.044885
280 321 0.171107
280 518 0.838676
280 733 0.995886
280 481 0.195793
280 409 0.971908
280 578 0.757727
281 651 0.906978
281 907 0.896450
281 397 0.863531
281 552 0.971357
282 776 0.839107
282 284 0.119703
282 293 0.923958
283 643 0.789524
283 387 0.962434
283 393 0.891756
283 527 0.771443
283 771 0.762153
283 551 0.844402
283 624 0.997150
283 353 0.077136
284 518 0.852643
284 519 0.827494
284 685 0.890340
284 296 0.880058
284 963 0.889674
285 684 0.137017
285 917 0.139777
285 482 0.049288
285 768 0.829662
285 408 0.958151
285 984 0.947896
285 351 0.746949
285 596 0.297625
286 386 0.930914
286 378 0.834630
286 785 0.791761
286 424 0.817573
286 773 0.209156
287 958 0.996005
287 971 0.932153
288 538 0.299888
288 413 0.939990
288 923 0.798170
288 664 0.792456
288 605 0.969077
288 450 0.118739
288 948 0.843810
289 460 0.246042
289 642 0.920374
289 777 0.974179
289 506 0.068670
289 588 0.876728
290 929 0.280613
290 849 0.987219
290 952 0.846203
290 919 0.770641
290 760 0.959633
290 575 0.711584
290 722 0.774656
290 741 0.815475
290 632 0.821863
290 796 0.728596
290 886 0.986175
290 497 0.764320
290 545 0.807413
290 978 0.064926
290 444 0.730772
290 597 0.742803
291 962 0.828909
291 354 0.786078
291 504 0.748328
291 716 0.811450
291 324 0.821489
291 786 0.882014
291 955 0.044446
291 706 0.824648
291 989 0.840156
291 735 0.956275
291 742 0.949689
291 482 0.258899
292 800 0.994538
292 546 0.871452
292 675 0.935505
292 510 0.032596
292 694 0.772427
292 321 0.884772
292 981 0.804995
292 490 0.836251
293 900 0.779270
293 567 0.908430
293 974 0.049220
293 637 0.763159
294 526 0.866344
294 688 0.862762
294 328 0.991035
294 613 0.027507
294 815 0.881671
294 946 0.916827
294 453 0.765620
294 745 0.234873
295 647 0.874425
295 526 0.755183
295 608 0.867801
295 574 0.804002
295 931 0.208384
295 815 0.954178
295 316 0.720834
295 453 0.726871
296 786 0.279842
296 886 0.058864
296 527 0.210403
296 519 0.930791
296 409 0.850234
296 733 0.989416
296 685 0.898368
296 578 0.779660
297 640 0.749555
297 790 0.811163
297 865 0.852906
297 505 0.904337
297 579 0.113943
297 441 0.812355
297 588 0.859051
298 946 0.042166
298 382 0.889680
298 391 0.797087
298 820 0.852649
298 698 0.776951
298 585 0.715712
298 782 0.900540
298 712 0.094179
298 595 0.008364
299 837 0.018373
299 915 0.706718
299 804 0.816899
299 700 0.938786
299 827 0.841856
299 723 0.827836
299 855 0.997289
299 627 0.955879
299 764 0.946423
299 638 0.884302
299 910 0.297934
300 582 0.994960
300 374 0.878695
300 943 0.741797
300 613 0.725295
300 940 0.714126
300 754 0.788647
300 500 0.818046
300 895 0.131518
301 555 0.797682
301 618 0.835576
301 943 0.727399
301 500 0.747228
301 377 0.873904
302 774 0.884817
302 825 0.808293
302 967 0.961850
302 870 0.195739
303 533 0.730840
303 620 0.805425
303 681 0.783961
303 594 0.884157
303 486 0.753720
303 496 0.805825
303 600 0.754175
303 415 0.011503
303 725 0.827263
303 636 0.801833
304 798 0.781982
304 470 0.901442
304 674 0.971403
304 430 0.728462
304 712 0.822683
304 462 0.924207
305 917 0.771333
305 920 0.738899
305 538 0.884143
305 565 0.822270
305 830 0.944189
305 469 0.752710
305 986 0.978450
305 672 0.035726
305 710 0.992404
305 460 0.998584
306 670 0.100365
306 398 0.289178
306 652 0.968453
306 540 0.906816
306 925 0.703831
306 432 0.918693
306 936 0.853747
306 494 0.907354
306 889 0.982931
306 329 0.123533
306 372 0.996600
307 544 0.196317
307 605 0.175920
307 403 0.198991
307 601 0.001345
307 908 0.851725
307 536 0.873203
307 745 0.970623
307 857 0.888077
307 869 0.839011
307 791 0.211292
307 587 0.982613
307 463 0.709993
308 460 0.127041
308 397 0.749512
308 524 0.755361
308 535 0.989779
308 422 0.893622
308 552 0.934127
308 680 0.784418
308 907 0.853448
308 686 0.797425
308 834 0.855708
308 803 0.731656
308 651 0.936207
308 556 0.705124
308 603 0.004801
308 642 0.052581
309 935 0.983046
309 997 0.800813
309 591 0.854182
309 778 0.135854
309 746 0.719054
310 917 0.971668
310 818 0.833411
310 953 0.772973
310 920 0.735109
310 830 0.841485
310 482 0.954240
310 570 0.190613
311 904 0.801254
311 526 0.820938
311 815 0.765145
311 946 0.989992
311 462 0.004080
311 453 0.783415
311 939 0.230669
312 706 0.075929
312 816 0.847664
312 913 0.893649
312 554 0.280551
312 321 0.782178
313 419 0.755632
313 923 0.957698
313 413 0.765998
313 438 0.928043
313 909 0.752840
313 944 0.236104
313 573 0.818019
313 605 0.969644
313 932 0.040419
313 985 0.094592
313 355 0.265013
314 419 0.975941
314 437 0.833484
314 860 0.927402
314 604 0.836590
314 605 0.987770
314 771 0.117979
315 836 0.120089
315 923 0.118101
315 724 0.012688
315 898 0.779503
315 705 0.785008
315 577 0.909480
316 526 0.797055
316 815 0.915075
316 360 0.168635
316 453 0.764284
317 928 0.951309
317 421 0.918638
317 851 0.176331
317 461 0.869490
317 762 0.730947
318 832 0.265544
318 512 0.989442
318 392 0.883412
318 911 0.897217
318 789 0.882915
318 534 0.822929
319 862 0.098152
319 655 0.939907
319 663 0.836727
319 673 0.008337
319 584 0.740179
320 716 0.179177
320 649 0.767234
320 398 0.916367
320 678 0.889038
320 682 0.943506
320 813 0.781066
320 443 0.869301
320 841 0.963128
320 756 0.809385
320 761 0.255347
321 788 0.995312
321 544 0.985278
321 694 0.952941
321 365 0.783951
321 492 0.903545
321 367 0.708639
321 450 0.947278
321 537 0.948642
321 511 0.967741
321 428 0.877571
321 979 0.853263
321 490 0.988565
321 611 0.911817
321 417 0.723705
321 644 0.943135
321 684 0.721537
321 630 0.258054
321 369 0.184785
322 720 0.164617
322 657 0.762076
322 449 0.707292
322 601 0.752008
322 379 0.995311
323 549 0.768860
323 543 0.881891
323 792 0.788120
323 943 0.103463
324 648 0.712992
324 891 0.733134
324 484 0.815866
324 832 0.981504
324 384 0.173945
325 788 0.979884
325 417 0.750538
325 675 0.755911
325 694 0.924264
325 544 0.884941
325 867 0.016200
325 979 0.935769
325 981 0.909978
325 611 0.787323
326 420 0.896771
326 943 0.936202
326 582 0.980945
326 568 0.893985
326 754 0.766446
326 603 0.930187
326 500 0.876819
327 342 0.858070
327 480 0.848251
328 960 0.064891
328 526 0.876073
328 815 0.880482
328 453 0.746914
328 598 0.281274
329 797 0.919788
329 938 0.872175
329 403 0.765294
329 772 0.923088
329 781 0.106313
329 614 0.891690
329 488 0.889577
329 619 0.995122
330 439 0.814160
330 693 0.761569
330 332 0.945851
330 564 0.946516
330 355 0.706156
330 483 0.825910
330 586 0.716153
330 970 0.857812
330 820 0.177873
331 648 0.924664
331 779 0.903791
331 931 0.732276
331 739 0.909381
331 710 0.229422
331 661 0.107093
332 693 0.820713
332 448 0.714652
332 356 0.927564
332 692 0.954810
332 564 0.730512
332 828 0.728795
332 359 0.892230
332 859 0.281239
332 355 0.714996
332 926 0.191322
333 490 0.033689
333 885 0.232983
333 926 0.973479
333 934 0.807044
333 336 0.770374
333 570 0.715682
333 787 0.888665
333 491 0.205083
333 335 0.920155
334 919 0.237330
334 398 0.812690
334 813 0.857360
334 944 0.760504
334 789 0.074084
334 982 0.773182
334 756 0.836631
335 570 0.709506
336 520 0.837011
336 392 0.931412
336 396 0.823251
336 697 0.829025
336 902 0.716192
336 926 0.978223
336 570 0.708568
336 866 0.821532
336 657 0.049872
337 775 0.810140
337 426 0.765124
337 427 0.855580
337 827 0.870844
337 708 0.814173
338 916 0.209723
338 774 0.795201
338 782 0.988656
338 371 0.181997
339 794 0.705816
339 780 0.936940
339 845 0.974088
339 452 0.894461
339 537 0.026527
339 596 0.793649
339 765 0.858604
340 775 0.836555
340 807 0.993355
340 975 0.852550
340 855 0.919521
341 715 0.715371
341 840 0.872619
341 599 0.857889
341 362 0.865183
341 366 0.874909
342 844 0.779948
342 474 0.948577
342 821 0.706229
342 554 0.966466
342 481 0.954473
342 823 0.744310
342 903 0.176835
343 690 0.741109
343 669 0.981948
343 606 0.785333
343 869 0.796570
343 375 0.949460
344 597 0.008745
344 930 0.706037
344 461 0.955674
344 985 0.994018
344 617 0.723710
345 376 0.064939
345 480 0.775361
346 466 0.847580
346 577 0.955060
346 817 0.750200
346 349 0.799589
346 584 0.705176
346 792 0.017129
347 793 0.836133
347 702 0.834540
347 486 0.760938
347 771 0.250190
348 526 0.892972
348 815 0.893065
348 453 0.705643
348 574 0.883456
348 848 0.291270
348 539 0.023696
349 646 0.818267
349 655 0.903369
349 456 0.859953
349 600 0.278602
350 948 0.043514
350 434 0.220465
350 525 0.950281
350 715 0.923726
350 599 0.957161
350 732 0.890571
350 362 0.727220
350 498 0.745981
351 768 0.851989
351 916 0.835954
351 862 0.819370
351 451 0.817770
351 848 0.942132
351 882 0.877329
351 755 0.796128
351 974 0.897999
351 993 0.902230
351 408 0.741528
351 737 0.919983
351 370 0.780491
351 391 0.020077
351 383 0.250625
351 878 0.927805
351 601 0.262633
352 643 0.703847
352 416 0.969431
352 864 0.714602
352 771 0.734149
352 458 0.148218
352 624 0.874127
353 825 0.761333
353 967 0.875872
353 744 0.972647
353 820 0.764521
354 648 0.794974
354 779 0.757073
354 703 0.752139
354 962 0.862872
354 965 0.801000
354 590 0.951749
354 747 0.053508
355 448 0.936431
355 364 0.917448
355 970 0.889508
355 483 0.979383
355 564 0.874442
355 359 0.706161
355 828 0.862900
355 383 0.824573
355 692 0.801454
355 693 0.709766
355 586 0.820935
355 495 0.814986
355 719 0.939258
355 356 0.718598
355 968 0.816783
355 995 0.182864
356 693 0.759369
356 770 0.079360
357 648 0.779390
357 739 0.834381
357 371 0.918235
357 758 0.238540
357 877 0.282818
358 521 0.868951
358 396 0.834065
358 534 0.710619
358 499 0.890997
358 892 0.753627
359 692 0.876704
359 586 0.762548
360 661 0.979432
360 368 0.888547
360 633 0.749663
360 950 0.789882
360 875 0.983402
360 626 0.700152
361 657 0.991359
361 449 0.907494
361 454 0.826901
361 601 0.758068
361 511 0.120569
362 877 0.786311
362 842 0.737228
362 743 0.974429
362 621 0.800471
362 366 0.954723
362 969 0.798629
362 476 0.827436
362 876 0.856976
362 525 0.827691
362 498 0.838876
362 840 0.850225
362 918 0.797318
362 732 0.848977
362 615 0.772993
362 947 0.018993
362 589 0.158725
363 799 0.708471
363 739 0.845213
363 891 0.787183
363 872 0.171526
364 719 0.770454
364 530 0.139818
365 644 0.711328
365 913 0.743024
365 611 0.774241
365 380 0.238948
366 525 0.845635
366 715 0.958787
366 842 0.866101
366 713 0.002484
366 498 0.736483
367 644 0.985737
367 788 0.788425
367 546 0.904183
367 428 0.973586
367 981 0.761021
367 611 0.881929
367 849 0.239636
368 648 0.197505
368 395 0.705824
368 784 0.863263
368 661 0.719747
368 406 0.804272
368 376 0.785802
368 666 0.788589
368 508 0.984135
369 566 0.030439
369 539 0.850501
369 540 0.764315
369 925 0.784088
369 494 0.929798
369 884 0.848938
370 768 0.806886
370 916 0.913531
370 882 0.737874
371 659 0.849330
371 799 0.796034
371 706 0.911906
371 989 0.702954
371 901 0.070942
372 539 0.977250
372 540 0.844638
372 889 0.998931
372 884 0.914388
372 494 0.773027
372 925 0.988991
372 880 0.891116
372 856 0.018839
373 480 0.928201
373 474 0.764187
373 675 0.114321
374 794 0.290307
374 420 0.947844
374 500 0.987568
374 398 0.163189
374 377 0.839641
375 400 0.964665
375 690 0.912461
375 857 0.948976
375 863 0.832159
375 879 0.927801
375 908 0.772216
375 536 0.715114
375 386 0.184749
376 395 0.803302
376 784 0.835988
376 704 0.885428
376 666 0.911848
376 490 0.125051
376 508 0.885003
377 420 0.997622
377 687 0.977569
377 500 0.922536
377 943 0.884944
377 839 0.975252
377 541 0.899561
377 867 0.836526
377 568 0.997743
377 896 0.925146
377 582 0.970205
377 613 0.790681
377 751 0.119685
378 755 0.176172
378 769 0.790401
378 516 0.981303
378 549 0.999955
378 809 0.977663
379 517 0.965603
379 657 0.928080
379 449 0.953392
379 589 0.747555
379 601 0.974552
379 717 0.038661
380 526 0.991133
380 810 0.946450
380 453 0.762535
380 457 0.817131
380 485 0.740303
381 589 0.012014
381 775 0.982435
381 807 0.968103
381 427 0.979892
381 426 0.750520
381 822 0.857543
381 882 0.182725
382 782 0.842071
382 967 0.778151
382 698 0.797700
383 439 0.954594
383 564 0.893330
383 693 0.938219
383 828 0.711557
384 649 0.184341
384 785 0.818532
384 543 0.867577
384 769 0.924211
384 924 0.904002
384 576 0.750823
385 897 0.840706
385 772 0.984439
385 938 0.967598
385 885 0.803367
385 488 0.773614
385 548 0.817633
386 475 0.169631
386 785 0.924984
386 927 0.793568
386 549 0.842841
386 399 0.025757
387 643 0.946964
387 513 0.740388
387 416 0.706356
387 761 0.101570
387 771 0.805007
387 961 0.853543
387 624 0.774447
388 415 0.964896
388 573 0.173043
388 662 0.820226
388 932 0.837809
389 818 0.282970
389 609 0.092565
389 589 0.951961
389 730 0.892308
389 773 0.818237
389 835 0.875650
389 454 0.880261
389 728 0.771024
389 868 0.743754
390 768 0.817503
390 408 0.791738
390 418 0.721329
390 753 0.779721
390 878 0.962703
390 755 0.935404
391 774 0.983038
391 833 0.908049
391 585 0.868072
391 767 0.089802
392 902 0.835846
392 697 0.810170
392 677 0.888306
392 787 0.820679
392 605 0.267235
392 910 0.703315
393 428 0.184537
393 526 0.187522
393 643 0.762922
393 597 0.235429
393 808 0.855368
394 763 0.803747
394 794 0.751168
394 650 0.883177
394 671 0.805959
394 845 0.878752
394 579 0.866785
394 495 0.073322
394 667 0.880971
394 596 0.798877
395 542 0.934823
395 661 0.777726
395 431 0.249863
395 487 0.990192
395 633 0.768734
396 521 0.767607
396 902 0.782170
396 911 0.900620
396 787 0.908217
396 926 0.998145
396 707 0.730731
396 512 0.949241
396 856 0.926205
396 934 0.849222
396 813 0.124516
396 747 0.042417
397 601 0.010897
397 955 0.254509
397 654 0.756032
397 907 0.996342
397 524 0.980785
397 686 0.809621
397 803 0.765287
397 422 0.766082
397 556 0.875265
397 419 0.282391
397 446 0.959260
398 691 0.763549
398 858 0.841668
398 841 0.973143
398 592 0.743010
398 443 0.756998
398 678 0.848646
398 467 0.985541
398 806 0.996667
398 682 0.740598
398 874 0.982325
398 557 0.839570
398 756 0.909927
398 654 0.256710
398 934 0.097484
399 935 0.072224
399 769 0.145280
399 657 0.765010
399 714 0.838038
399 473 0.842800
399 589 0.999597
399 601 0.822124
400 754 0.135344
400 536 0.801703
400 857 0.970573
401 563 0.738594
401 776 0.714951
401 995 0.211629
401 921 0.942212
401 802 0.997633
401 567 0.856567
402 696 0.868435
402 421 0.969247
402 625 0.744277
402 985 0.833400
402 971 0.796748
402 672 0.792747
402 697 0.019568
402 662 0.939758
402 928 0.805563
402 461 0.714612
402 762 0.915240
402 480 0.090139
403 641 0.933543
403 772 0.972057
403 434 0.768095
403 612 0.723951
403 461 0.006955
403 507 0.157550
404 519 0.825127
404 518 0.922672
404 578 0.982717
404 731 0.193642
404 409 0.892240
404 949 0.896023
405 643 0.818897
405 575 0.225107
405 624 0.815967
405 661 0.017154
406 683 0.724261
406 784 0.897338
406 464 0.955164
406 661 0.773493
406 621 0.106392
406 666 0.735461
407 907 0.842110
407 524 0.978377
407 422 0.869970
407 981 0.001766
407 680 0.950742
407 686 0.782524
408 703 0.165499
408 882 0.832409
408 753 0.784423
409 518 0.865623
409 431 0.982964
409 595 0.926932
409 578 0.785342
409 949 0.780936
409 770 0.978289
409 733 0.722411
409 829 0.818357
409 658 0.855383
410 917 0.824824
410 471 0.981537
410 653 0.748623
410 491 0.889823
410 736 0.924276
410 550 0.222199
410 469 0.978522
410 605 0.172462
410 704 0.188083
411 794 0.705953
411 440 0.826734
411 596 0.869736
412 815 0.158462
412 731 0.746453
412 879 0.901826
412 485 0.263831
412 857 0.753658
413 909 0.740886
413 948 0.872867
413 605 0.765728
413 664 0.792492
413 573 0.783308
413 419 0.752361
413 437 0.734859
413 923 0.715120
414 654 0.808223
414 535 0.802650
414 803 0.948453
414 680 0.953137
414 767 0.074803
415 489 0.090624
415 662 0.798707
416 607 0.739807
416 551 0.974628
416 864 0.898167
416 624 0.852526
416 420 0.298773
417 954 0.976799
417 801 0.907613
417 816 0.952498
417 964 0.098653
418 768 0.982171
418 916 0.707151
418 615 0.120975
419 433 0.820804
419 573 0.851841
419 604 0.936696
419 826 0.741791
419 438 0.700903
419 860 0.722957
419 664 0.751670
419 909 0.976342
419 948 0.748104
419 923 0.789765
419 719 0.167995
419 444 0.158886
419 605 0.869713
420 603 0.963831
420 555 0.702911
420 581 0.905898
420 940 0.751400
420 896 0.911576
420 522 0.910381
420 447 0.752014
420 943 0.909817
420 867 0.879136
420 839 0.777675
420 618 0.730321
420 717 0.784175
420 724 0.085409
420 687 0.790320
420 945 0.781324
420 500 0.971485
421 930 0.700937
421 625 0.793532
421 928 0.802852
421 651 0.288383
421 820 0.171403
422 907 0.973120
422 535 0.799141
422 680 0.805405
423 914 0.869523
423 436 0.821850
423 534 0.735582
423 926 0.973522
423 501 0.016440
423 560 0.859951
423 757 0.729995
424 543 0.971425
424 756 0.123901
424 809 0.804255
425 793 0.761678
425 486 0.721579
425 725 0.955356
425 628 0.804460
426 487 0.131545
426 775 0.723767
426 853 0.931441
426 562 0.867035
426 805 0.751414
426 867 0.039300
426 764 0.837542
427 775 0.801093
427 804 0.797807
427 468 0.937369
427 853 0.921054
427 627 0.996354
427 871 0.929786
427 783 0.088182
427 827 0.989075
427 855 0.787132
428 546 0.831343
428 561 0.167984
429 775 0.833791
429 804 0.935535
429 638 0.858868
429 503 0.014315
429 855 0.717492
429 871 0.708415
429 627 0.976812
429 525 0.122907
430 935 0.907731
430 747 0.745995
430 580 0.705254
430 591 0.986184
430 602 0.172728
430 712 0.877998
430 470 0.902251
431 518 0.708620
431 658 0.794523
431 685 0.831535
431 595 0.839043
431 616 0.978365
431 743 0.133015
431 578 0.910348
432 925 0.953760
432 547 0.873442
432 889 0.977498
432 822 0.293517
433 664 0.846419
433 573 0.911266
433 860 0.921642
433 605 0.811690
434 795 0.824105
434 772 0.875821
434 619 0.934095
434 614 0.907212
435 783 0.824235
435 917 0.701435
435 561 0.850663
435 953 0.827624
435 890 0.998259
435 496 0.182672
435 836 0.931970
435 710 0.873215
435 460 0.995735
435 593 0.968197
435 482 0.922043
436 629 0.125995
436 439 0.125885
436 911 0.736337
436 934 0.897948
436 570 0.959291
437 605 0.826045
437 826 0.782903
437 883 0.939944
438 909 0.824852
438 826 0.774587
438 791 0.042871
438 573 0.705195
438 605 0.829436
439 968 0.826003
439 828 0.732956
439 719 0.990570
439 564 0.710077
439 693 0.976096
439 586 0.938080
440 667 0.862821
440 959 0.990117
440 566 0.011225
440 596 0.928956
440 870 0.987122
440 765 0.976050
441 777 0.780274
441 790 0.701522
441 987 0.801198
441 998 0.746059
441 631 0.795528
441 865 0.972268
441 505 0.805301
441 566 0.926101
441 994 0.907329
441 489 0.814488
441 964 0.908865
441 887 0.840982
441 588 0.935040
441 873 0.868868
441 761 0.859817
441 580 0.196060
442 634 0.058454
442 526 0.992687
442 815 0.749791
442 478 0.181781
442 453 0.762521
442 548 0.208983
443 649 0.717245
443 806 0.711376
443 813 0.954015
443 691 0.917863
443 558 0.788894
443 682 0.977030
443 819 0.792872
443 874 0.901661
443 766 0.914943
443 786 0.297155
443 545 0.252673
443 756 0.903796
444 545 0.862655
444 597 0.800836
444 867 0.150299
445 783 0.832855
445 565 0.746078
445 653 0.831626
445 953 0.942153
445 519 0.249073
445 836 0.805489
445 583 0.909012
445 460 0.726389
445 686 0.186533
446 552 0.857845
446 680 0.859001
446 556 0.964818
446 485 0.186343
447 943 0.948206
447 945 0.746571
447 500 0.762338
448 768 0.208645
448 692 0.995791
448 928 0.100238
449 537 0.159349
449 657 0.768028
449 988 0.979461
449 835 0.790403
449 868 0.774960
449 773 0.967165
449 473 0.724667
449 986 0.145278
449 714 0.861044
449 601 0.894156
450 788 0.908336
450 694 0.814094
451 768 0.902435
451 916 0.924954
451 848 0.954638
452 737 0.227807
452 794 0.736772
452 579 0.948988
452 966 0.836883
452 596 0.997747
452 870 0.772374
453 526 0.709901
453 679 0.819949
453 553 0.961566
453 515 0.805631
453 689 0.767475
453 639 0.742478
453 458 0.898474
453 837 0.785183
453 676 0.712795
453 608 0.760522
453 574 0.859737
453 688 0.724541
453 946 0.969901
453 571 0.981365
453 713 0.978984
453 810 0.956257
453 711 0.810085
453 751 0.910621
453 485 0.717600
453 531 0.895483
453 509 0.729984
453 457 0.809894
453 647 0.745053
453 972 0.951044
453 815 0.735935
453 733 0.193723
453 732 0.026844
453 795 0.088572
453 621 0.035509
454 611 0.020264
454 841 0.222793
454 773 0.928843
454 730 0.852375
454 728 0.840976
454 748 0.768151
454 877 0.291114
454 589 0.764779
454 601 0.825219
454 677 0.183471
455 957 0.830456
455 830 0.808120
455 710 0.840977
455 552 0.232684
455 460 0.700345
455 482 0.787619
456 898 0.982362
456 980 0.827111
456 584 0.751201
456 466 0.957848
457 526 0.911460
457 815 0.750888
457 458 0.826657
458 526 0.938732
458 531 0.995816
458 815 0.913268
458 711 0.924726
458 847 0.243262
458 835 0.139541
459 587 0.895043
459 852 0.976200
459 818 0.207687
459 863 0.769080
460 497 0.294994
460 917 0.833120
460 937 0.822122
460 830 0.870020
460 653 0.936072
460 710 0.968294
460 482 0.993192
460 888 0.973861
460 783 0.947670
460 986 0.863088
460 836 0.888273
460 736 0.804924
460 818 0.783627
460 583 0.790727
460 953 0.732540
460 565 0.874088
460 903 0.856068
460 920 0.903354
460 471 0.824646
460 854 0.938230
461 930 0.725468
461 971 0.743967
461 672 0.789948
461 928 0.934801
461 762 0.966876
461 617 0.766709
461 662 0.749145
461 695 0.777935
461 625 0.702524
461 534 0.068894
462 674 0.702358
462 812 0.722368
462 846 0.909835
462 747 0.971858
462 997 0.860808
462 852 0.039655
462 558 0.243944
462 650 0.228330
463 536 0.860267
463 559 0.853037
463 690 0.994469
463 929 0.008170
463 857 0.791756
464 653 0.118576
464 819 0.100174
464 530 0.067920
464 784 0.703561
464 661 0.987711
465 673 0.959231
465 935 0.840481
465 591 0.904545
465 973 0.734619
465 580 0.798148
465 851 0.982331
465 720 0.290721
465 526 0.035102
466 584 0.831709
466 980 0.914313
466 523 0.116796
467 649 0.736078
467 822 0.094528
467 756 0.795504
468 600 0.257142
468 775 0.830191
468 804 0.760836
468 855 0.706114
469 957 0.755214
469 832 0.124107
469 482 0.761154
470 812 0.784242
470 973 0.964593
470 674 0.888230
470 547 0.078703
470 477 0.877766
471 903 0.930349
471 736 0.938995
471 482 0.814507
471 664 0.080604
471 908 0.170820
471 857 0.073056
472 539 0.747334
472 547 0.859802
472 494 0.923806
472 880 0.802122
472 907 0.085027
473 735 0.116007
473 657 0.711713
473 589 0.772852
473 601 0.732429
473 868 0.970942
473 963 0.199510
474 823 0.823444
474 824 0.219339
474 480 0.887565
475 768 0.746669
475 916 0.855650
475 984 0.828404
475 878 0.703674
475 641 0.082204
476 781 0.118554
476 525 0.956412
476 715 0.922846
477 929 0.701247
477 712 0.866890
477 591 0.904798
477 633 0.057604
477 979 0.226422
477 645 0.038096
478 649 0.849667
478 678 0.803206
478 557 0.953183
478 506 0.983778
478 572 0.980337
478 589 0.270289
479 899 0.932853
479 905 0.847948
479 941 0.990461
479 838 0.767755
479 843 0.941598
479 635 0.946388
479 895 0.960480
480 821 0.725468
480 554 0.985795
480 481 0.946398
480 844 0.994572
480 764 0.201873
480 879 0.040304
481 823 0.791721
482 920 0.967056
482 830 0.938224
482 653 0.956333
482 903 0.868006
482 736 0.854980
482 491 0.860664
482 937 0.731241
482 583 0.965868
482 818 0.783800
482 957 0.963083
482 977 0.718620
482 888 0.762250
482 995 0.796879
482 710 0.838733
482 953 0.854344
482 917 0.782258
482 494 0.253465
482 842 0.069485
483 828 0.945866
483 970 0.841396
484 648 0.824695
484 779 0.805275
484 786 0.854251
484 659 0.710437
484 590 0.941967
484 882 0.258264
485 526 0.852385
485 810 0.745834
485 571 0.993717
485 509 0.852584
485 647 0.815697
485 574 0.729405
485 713 0.879851
485 644 0.197407
486 793 0.794760
486 725 0.758931
486 681 0.935907
486 814 0.277955
487 798 0.138579
487 880 0.138771
487 508 0.885406
488 772 0.867753
488 939 0.930670
488 795 0.702662
489 777 0.766652
489 790 0.862620
489 566 0.818798
489 588 0.805904
489 994 0.710475
490 537 0.947342
490 738 0.852869
490 788 0.799391
491 917 0.830490
491 565 0.830325
491 957 0.865861
492 537 0.912659
492 544 0.718263
492 981 0.720239
492 611 0.712628
492 584 0.256503
492 565 0.131687
493 899 0.751360
493 905 0.750196
493 941 0.964452
493 843 0.803661
493 635 0.702717
494 539 0.721271
494 540 0.965406
494 925 0.736251
496 725 0.894785
496 894 0.834432
496 960 0.239753
497 796 0.798795
497 952 0.820370
497 849 0.760844
497 790 0.267586
498 847 0.979741
498 599 0.791942
498 876 0.861715
498 525 0.979676
498 621 0.832613
498 918 0.781814
498 642 0.064453
499 520 0.989706
499 914 0.976755
499 789 0.934169
499 534 0.756179
499 570 0.963261
499 980 0.112155
500 867 0.725295
500 687 0.798545
500 581 0.913349
500 943 0.754183
500 522 0.905246
500 613 0.936814
500 717 0.960335
500 541 0.947365
500 582 0.725935
500 568 0.853755
500 754 0.931559
500 896 0.819098
500 940 0.993158
500 839 0.995590
500 618 0.759827
500 555 0.758582
500 603 0.794433
500 617 0.082172
500 922 0.282911
500 912 0.179685
500 969 0.143150
501 546 0.812434
501 675 0.947127
501 611 0.825037
501 629 0.946175
502 661 0.940867
502 508 0.787924
502 714 0.220069
503 769 0.758691
503 924 0.832057
503 609 0.947309
503 868 0.221008
503 734 0.170351
504 779 0.740127
504 659 0.908361
504 962 0.881440
504 739 0.859991
504 832 0.966796
504 965 0.966057
504 861 0.035170
505 746 0.219707
505 642 0.923130
505 514 0.842581
505 790 0.864679
505 566 0.830513
505 588 0.980448
506 813 0.866624
506 947 0.756016
506 819 0.825011
506 572 0.896134
506 756 0.764507
506 933 0.761535
507 775 0.879235
507 922 0.988672
507 638 0.932926
508 661 0.837829
508 875 0.951636
508 666 0.986837
508 683 0.820825
508 950 0.746442
508 686 0.166863
508 635 0.216590
509 526 0.736880
509 972 0.757249
509 787 0.194985
510 768 0.748027
510 916 0.961103
510 984 0.743348
510 862 0.896584
510 882 0.833125
511 611 0.909095
511 623 0.718035
511 896 0.144881
511 562 0.135023
512 520 0.827434
512 707 0.928447
512 789 0.751746
512 926 0.795463
512 697 0.740787
513 750 0.912565
513 864 0.981924
513 771 0.987684
513 643 0.756782
513 961 0.900262
514 642 0.855171
514 566 0.724164
514 912 0.063460
515 574 0.811929
515 526 0.856424
515 553 0.747520
515 810 0.751976
515 571 0.807662
516 769 0.815951
516 609 0.849052
516 785 0.747429
516 549 0.906958
517 773 0.939492
517 657 0.752141
517 835 0.833367
517 589 0.703126
517 601 0.878858
518 658 0.846489
518 829 0.801512
518 595 0.833711
519 611 0.172638
519 526 0.133236
519 770 0.852906
519 803 0.288470
520 534 0.962540
521 797 0.127292
521 866 0.755971
521 926 0.779969
521 560 0.799010
521 787 0.764765
521 789 0.740681
521 645 0.231311
521 534 0.948350
521 570 0.918872
522 896 0.839736
522 613 0.989961
522 927 0.109648
522 940 0.785615
522 754 0.932318
523 848 0.243906
523 721 0.863658
523 602 0.797547
523 630 0.753184
523 564 0.259639
523 843 0.734690
523 752 0.972877
523 635 0.856243
524 834 0.949377
524 803 0.787684
524 907 0.789882
524 552 0.787067
524 535 0.845733
524 680 0.951595
525 627 0.056650
525 732 0.965446
525 876 0.834738
525 615 0.886121
526 550 0.839597
526 574 0.955225
526 553 0.717922
526 679 0.849939
526 531 0.853709
526 571 0.785558
526 758 0.904144
526 676 0.984828
526 946 0.777736
526 689 0.829862
526 608 0.887310
526 837 0.912830
526 639 0.731952
526 810 0.749526
526 713 0.859028
526 751 0.995664
526 647 0.840680
526 815 0.769292
526 972 0.762413
526 702 0.094872
527 808 0.808546
527 956 0.816876
527 750 0.929390
527 771 0.935075
528 739 0.235898
528 640 0.745593
528 642 0.747337
528 777 0.924109
528 617 0.259399
528 790 0.845115
529 905 0.861538
529 752 0.899459
529 635 0.817294
530 780 0.862945
530 966 0.832805
530 596 0.841477
530 763 0.708375
530 765 0.703244
531 904 0.864336
531 751 0.979401
531 982 0.270767
531 689 0.737124
531 946 0.851961
532 641 0.762145
532 939 0.762192
532 897 0.855595
532 797 0.860843
532 881 0.188202
532 612 0.803514
532 896 0.215982
532 728 0.217524
533 937 0.173972
533 610 0.724219
533 600 0.993246
533 636 0.823957
533 725 0.804638
533 855 0.069421
533 782 0.221984
534 910 0.893368
534 789 0.874326
534 926 0.713439
534 911 0.922769
534 934 0.862726
535 777 0.265950
535 683 0.297047
535 686 0.782376
535 680 0.774904
535 654 0.826381
535 556 0.884939
535 674 0.175817
535 803 0.992316
536 690 0.770147
536 642 0.008175
537 644 0.977592
537 801 0.833276
537 913 0.964626
537 788 0.975946
537 546 0.875484
537 611 0.989253
537 853 0.221869
538 903 0.715045
538 818 0.878392
538 854 0.700922
538 653 0.848413
538 836 0.836052
538 583 0.793581
539 709 0.139915
539 652 0.871645
539 912 0.924843
539 889 0.725588
539 884 0.821193
539 547 0.752687
539 814 0.804887
539 925 0.874528
539 733 0.110918
540 814 0.782111
540 912 0.888200
540 547 0.987551
540 880 0.985227
540 652 0.722702
540 936 0.873387
540 925 0.810995
540 889 0.812698
540 884 0.957975
540 831 0.080691
541 717 0.969296
541 581 0.852970
541 767 0.268259
541 943 0.933961
542 943 0.286614
542 661 0.725261
542 781 0.841771
543 678 0.253075
543 769 0.739892
543 927 0.877541
543 549 0.812236
543 576 0.874862
544 800 0.761692
544 684 0.777982
544 981 0.969499
544 738 0.909540
544 611 0.711293
545 849 0.921547
545 760 0.877117
545 919 0.956406
546 699 0.887181
546 611 0.978752
546 684 0.983569
546 694 0.820403
546 738 0.903131
546 954 0.936100
546 801 0.985051
546 816 0.996994
546 759 0.284906
546 566 0.015485
546 979 0.855638
546 981 0.956073
546 711 0.252931
546 871 0.256167
547 925 0.982691
547 594 0.004735
548 641 0.799532
548 670 0.849085
548 797 0.804009
548 612 0.726221
548 614 0.760965
549 656 0.989611
549 785 0.970218
549 792 0.955284
549 809 0.849011
549 927 0.933416
549 924 0.716273
549 576 0.968339
549 769 0.703145
549 630 0.295437
550 679 0.778441
550 688 0.802931
550 713 0.879680
550 815 0.727236
550 571 0.853567
551 643 0.809661
552 654 0.700280
552 907 0.730090
552 980 0.020681
552 680 0.901859
554 844 0.806549
555 896 0.786169
555 581 0.827744
555 943 0.896580
556 651 0.769549
556 803 0.843792
556 680 0.875919
556 948 0.243783
556 834 0.908237
557 813 0.818371
557 678 0.937928
557 858 0.787579
557 983 0.957838
557 872 0.955015
557 756 0.770327
557 665 0.047812
557 819 0.869584
558 813 0.921000
558 766 0.939224
558 691 0.910308
558 841 0.910697
558 756 0.853727
559 587 0.928538
559 669 0.934576
559 690 0.768390
559 863 0.882589
560 902 0.953941
560 926 0.938146
561 903 0.833416
561 917 0.842303
562 775 0.761165
562 804 0.900265
562 805 0.917838
562 827 0.758232
562 723 0.951865
562 855 0.875057
562 861 0.819617
563 900 0.733993
563 776 0.743616
563 899 0.289048
564 692 0.934905
564 693 0.805737
565 854 0.758220
565 583 0.847054
565 830 0.868977
565 736 0.863799
565 977 0.931555
566 865 0.827987
566 588 0.749710
566 887 0.769112
566 761 0.857175
566 987 0.742190
566 994 0.938947
566 873 0.740349
566 775 0.085778
567 776 0.881137
567 637 0.816480
568 943 0.980612
568 784 0.086749
569 793 0.276938
569 733 0.855052
569 616 0.843074
569 682 0.165282
570 910 0.707924
570 677 0.879776
570 856 0.887173
571 946 0.936358
571 598 0.009525
572 893 0.869880
572 942 0.775790
572 872 0.752013
572 914 0.240531
572 841 0.852478
572 983 0.826246
572 756 0.817191
573 984 0.121047
573 909 0.899858
573 577 0.213488
573 605 0.930709
575 741 0.842176
575 796 0.952145
575 760 0.861916
575 886 0.732820
575 976 0.735716
575 722 0.892049
575 933 0.051741
575 847 0.062776
576 656 0.993186
576 769 0.960389
576 971 0.293135
577 655 0.946999
577 817 0.810201
577 705 0.937040
577 980 0.999613
577 708 0.023998
578 813 0.102575
578 770 0.709767
578 658 0.904358
578 829 0.939718
579 794 0.706138
579 650 0.815722
579 839 0.124035
579 870 0.977037
579 765 0.836481
580 960 0.802424
580 935 0.858933
580 990 0.985064
580 851 0.872366
580 712 0.966884
580 992 0.787478
580 997 0.930367
580 740 0.224873
581 945 0.832008
581 943 0.938829
581 650 0.079544
582 896 0.835396
582 618 0.804769
582 717 0.775169
583 830 0.804765
583 749 0.910291
583 619 0.150890
583 986 0.858583
583 665 0.285233
584 817 0.788449
584 663 0.760046
584 655 0.882317
584 898 0.996940
584 951 0.803503
584 824 0.926448
584 784 0.286488
584 774 0.252026
585 834 0.087677
585 833 0.788207
585 872 0.281170
585 949 0.140963
587 690 0.793581
587 857 0.997072
588 642 0.971097
588 790 0.782802
588 761 0.945193
588 640 0.871714
588 964 0.936239
588 887 0.770744
588 631 0.854186
588 699 0.002500
589 835 0.941511
589 601 0.732560
589 718 0.871645
589 748 0.837594
589 726 0.730005
589 868 0.843000
589 730 0.962129
589 728 0.881163
589 714 0.920475
590 962 0.737318
590 989 0.768687
590 984 0.009150
591 746 0.760859
591 674 0.915379
591 990 0.757468
591 851 0.774529
591 673 0.715567
592 649 0.725879
592 678 0.760007
592 813 0.950737
592 841 0.714805
592 756 0.798756
593 917 0.805804
593 937 0.741425
593 830 0.772362
593 710 0.789685
593 653 0.809713
593 646 0.224266
593 807 0.072927
594 989 0.165008
594 702 0.703823
594 823 0.292584
594 725 0.791878
594 628 0.870181
595 685 0.921972
596 780 0.776269
596 794 0.810804
596 763 0.973101
596 966 0.862170
596 870 0.815280
596 650 0.997966
596 765 0.924623
596 759 0.705249
597 796 0.957811
597 849 0.775793
597 632 0.911111
597 886 0.974720
598 695 0.899658
598 928 0.856167
598 762 0.742406
598 864 0.041305
599 790 0.139386
599 621 0.724645
599 918 0.825843
599 697 0.040760
599 732 0.769087
600 649 0.239787
600 725 0.966465
600 702 0.834621
600 811 0.970530
601 657 0.781052
601 728 0.902855
601 773 0.830671
601 726 0.735464
601 868 0.746242
601 988 0.969993
601 748 0.821972
601 714 0.859021
601 730 0.793572
601 718 0.879493
601 835 0.737882
602 941 0.956976
602 635 0.917591
602 895 0.929767
603 945 0.976090
603 687 0.885749
603 839 0.813094
603 896 0.951767
603 717 0.928043
603 810 0.010048
604 948 0.976191
604 605 0.931330
605 909 0.789675
605 664 0.981260
605 883 0.734866
605 948 0.934522
605 860 0.894997
606 690 0.922049
606 731 0.999272
607 956 0.752856
607 771 0.978728
607 864 0.793410
607 750 0.895017
607 837 0.192212
608 647 0.963701
608 815 0.706073
609 769 0.766140
609 924 0.764681
609 809 0.894040
609 927 0.730402
610 725 0.888534
610 793 0.762483
610 942 0.241872
610 636 0.859554
611 800 0.826267
611 801 0.700103
611 913 0.774250
611 738 0.922719
611 694 0.986549
611 954 0.997441
611 788 0.912881
612 795 0.832769
612 784 0.000678
613 896 0.731761
613 967 0.085021
614 772 0.864798
615 966 0.137542
615 847 0.859806
615 918 0.776970
615 842 0.933028
615 743 0.927090
616 660 0.165416
616 685 0.857860
617 662 0.771479
617 930 0.926052
617 932 0.996278
617 805 0.029774
617 762 0.703249
618 896 0.791415
619 849 0.155390
620 793 0.740093
620 725 0.853145
620 683 0.131778
620 638 0.168536
621 635 0.036964
621 732 0.758438
622 648 0.991230
622 779 0.820895
622 786 0.991261
622 891 0.888101
622 742 0.707601
622 634 0.838325
622 962 0.760226
622 931 0.953156
623 981 0.815209
623 738 0.893774
624 643 0.881911
624 771 0.833374
624 938 0.257480
625 668 0.718863
627 775 0.777792
627 915 0.927365
627 922 0.974349
627 804 0.760795
627 955 0.999326
627 723 0.953700
627 861 0.983418
627 822 0.972505
627 700 0.878666
628 894 0.718511
628 681 0.722403
628 702 0.941826
628 746 0.276289
629 800 0.860068
629 694 0.777045
630 838 0.702474
630 843 0.701449
630 635 0.823427
630 895 0.758861
631 642 0.923064
631 777 0.816893
631 790 0.835442
632 849 0.736180
634 779 0.835780
634 659 0.840855
634 989 0.880440
634 739 0.713914
634 931 0.758342
635 899 0.934264
635 905 0.969605
635 752 0.714977
635 721 0.982789
635 859 0.956105
635 850 0.882537
635 729 0.899500
635 778 0.738302
635 843 0.950583
636 725 0.849097
636 793 0.888834
637 900 0.904803
637 776 0.913150
637 901 0.954201
637 750 0.146322
638 691 0.223544
638 775 0.763606
638 827 0.975523
638 700 0.879550
638 727 0.984652
638 822 0.947087
638 807 0.927462
638 772 0.112516
639 815 0.791489
639 946 0.998914
640 642 0.819268
640 790 0.858367
640 943 0.224876
641 939 0.768191
642 987 0.941934
642 777 0.752336
642 964 0.802378
642 790 0.977257
642 873 0.781975
642 994 0.810056
642 865 0.753646
642 831 0.932390
642 772 0.031236
642 932 0.044423
642 737 0.175713
642 892 0.251297
643 808 0.761136
643 956 0.742736
643 961 0.999509
643 740 0.785737
643 805 0.075092
644 908 0.223926
644 979 0.824328
645 790 0.895283
645 994 0.705939
645 777 0.914417
645 964 0.857378
646 689 0.171907
646 945 0.011735
646 951 0.812631
646 991 0.822123
647 713 0.818712
647 758 0.871587
647 972 0.921509
648 742 0.897757
648 989 0.874366
648 709 0.836943
648 931 0.950577
648 891 0.833871
648 779 0.810193
648 965 0.934994
648 762 0.058044
648 659 0.783112
648 735 0.703441
649 893 0.733757
649 819 0.954618
649 841 0.983001
649 942 0.702707
649 944 0.867747
649 756 0.849638
649 983 0.789568
649 691 0.932739
649 933 0.706665
649 947 0.778638
649 813 0.947922
649 874 0.874483
649 982 0.743480
650 765 0.952506
650 845 0.915384
650 794 0.705740
650 998 0.240676
651 680 0.980174
651 813 0.182340
652 776 0.132197
652 982 0.183397
652 927 0.201044
653 903 0.916008
653 836 0.956269
653 888 0.702952
654 907 0.910557
654 680 0.837767
655 980 0.949456
655 817 0.757259
656 769 0.735581
656 792 0.764790
656 706 0.179361
657 718 0.918578
657 730 0.780862
657 868 0.773988
657 773 0.821275
657 728 0.935943
657 988 0.721832
657 726 0.712189
658 963 0.967232
658 685 0.709621
658 747 0.044018
659 703 0.744385
659 742 0.780883
659 716 0.768260
659 786 0.951383
659 706 0.776906
659 931 0.723957
659 739 0.899166
659 707 0.082464
660 844 0.809868
660 821 0.816221
660 823 0.822816
661 875 0.935762
661 683 0.911317
661 784 0.816554
661 950 0.832586
661 704 0.908704
662 878 0.180941
662 762 0.801690
662 668 0.866355
662 971 0.788471
662 928 0.707071
662 930 0.985625
662 664 0.070703
662 663 0.051624
663 991 0.945767
663 817 0.769421
663 914 0.286344
664 909 0.851697
664 823 0.203721
665 900 0.831715
666 683 0.981793
666 856 0.028180
667 966 0.851081
667 780 0.798373
667 794 0.863417
667 998 0.269577
667 870 0.984283
667 759 0.776311
667 763 0.707831
668 717 0.245717
668 971 0.868783
669 869 0.905053
669 857 0.730918
669 863 0.729046
669 745 0.724654
670 861 0.005016
671 794 0.700178
671 959 0.878682
671 849 0.067924
671 870 0.748213
672 696 0.776958
672 695 0.808441
673 992 0.901323
673 712 0.850900
674 992 0.976887
674 851 0.723822
674 906 0.808407
674 990 0.982377
674 812 0.848112
674 960 0.954401
674 747 0.949694
675 913 0.770986
675 699 0.734103
675 800 0.985346
675 979 0.840355
675 975 0.099614
676 694 0.259765
676 904 0.831220
676 705 0.099042
677 914 0.785684
677 789 0.734342
677 707 0.871027
677 856 0.801355
677 934 0.850651
678 947 0.875118
678 872 0.849362
678 858 0.837666
678 893 0.967617
678 819 0.835223
678 813 0.741633
678 841 0.700097
678 756 0.885676
679 689 0.939574
679 688 0.958721
680 802 0.214653
680 907 0.993178
680 910 0.032751
681 793 0.828173
681 811 0.928297
681 725 0.768488
682 841 0.947517
682 926 0.240404
682 947 0.933154
682 756 0.995741
683 784 0.834508
683 704 0.923074
684 981 0.707209
684 971 0.183688
685 770 0.927401
686 834 0.958261
687 945 0.764209
687 839 0.906453
687 820 0.279615
687 754 0.872041
689 938 0.226266
690 879 0.777989
690 852 0.727810
690 908 0.911322
691 872 0.897116
691 841 0.895211
691 756 0.888225
693 719 0.711045
693 828 0.918162
694 913 0.829724
694 801 0.996259
694 981 0.703946
695 932 0.704448
695 696 0.974671
695 950 0.173703
695 985 0.857582
695 762 0.796714
696 930 0.844822
697 926 0.860552
697 804 0.162874
698 756 0.118211
698 833 0.859115
698 744 0.963498
699 954 0.760146
699 959 0.154835
700 775 0.901647
700 805 0.937589
700 858 0.015038
700 827 0.729975
700 855 0.934195
700 871 0.749306
701 960 0.706542
701 935 0.857602
701 851 0.717428
701 773 0.099681
701 712 0.978446
701 846 0.800362
702 791 0.924337
702 811 0.722861
703 891 0.919547
703 735 0.879490
703 957 0.177979
704 781 0.731621
705 991 0.744668
705 824 0.994576
705 927 0.020013
706 709 0.831077
706 962 0.776220
706 739 0.875013
707 914 0.956893
707 926 0.938456
708 775 0.721399
708 975 0.859255
709 779 0.879597
709 832 0.774162
709 924 0.055039
710 917 0.836489
710 995 0.742158
710 736 0.741759
710 986 0.851296
711 815 0.811599
711 751 0.869594
712 997 0.967696
712 990 0.771332
712 973 0.947517
712 747 0.816069
712 798 0.799490
712 935 0.739335
714 988 0.738242
714 868 0.751912
715 969 0.720590
715 980 0.277782
716 779 0.922084
716 799 0.761181
716 739 0.990205
717 943 0.815685
718 874 0.202792
720 722 0.737738
720 976 0.715381
721 899 0.985805
721 941 0.702100
721 895 0.847835
722 800 0.201465
722 796 0.965702
722 976 0.948431
722 805 0.115823
723 775 0.740035
723 827 0.927100
723 804 0.719501
724 905 0.915073
724 941 0.774955
724 859 0.792234
724 752 0.716813
725 894 0.901660
725 793 0.994672
725 811 0.906546
725 969 0.218359
725 737 0.000876
726 901 0.209342
726 728 0.952682
727 775 0.852737
727 804 0.791207
727 955 0.701778
727 853 0.735977
728 868 0.807200
729 996 0.058727
729 941 0.958336
729 838 0.731019
729 843 0.954450
729 850 0.823763
729 900 0.235512
729 752 0.945579
729 895 0.867005
730 868 0.779427
731 908 0.726635
732 876 0.987135
732 969 0.957311
732 840 0.926013
734 884 0.202493
734 905 0.730828
734 752 0.901270
735 779 0.887767
736 917 0.987440
736 739 0.027073
737 878 0.912193
738 801 0.807621
738 870 0.124483
739 779 0.867476
739 799 0.943903
739 931 0.791243
740 956 0.924274
741 952 0.709172
741 849 0.781531
741 760 0.993947
741 796 0.738555
742 786 0.735598
743 918 0.706758
743 842 0.744573
743 911 0.159801
744 928 0.136229
745 830 0.268383
745 810 0.101039
746 798 0.753500
746 935 0.814425
746 812 0.992936
746 846 0.746454
746 929 0.889568
746 960 0.815092
747 935 0.996884
747 846 0.734902
748 829 0.269049
749 917 0.875250
749 818 0.942085
750 931 0.084821
751 952 0.216234
752 813 0.215580
752 838 0.810608
752 895 0.823031
752 999 0.987105
752 918 0.119896
753 768 0.959544
753 916 0.861019
753 974 0.941454
753 848 0.999531
753 883 0.063984
754 945 0.754226
755 984 0.767153
756 947 0.750781
756 872 0.881928
756 806 0.904693
756 944 0.836464
756 893 0.727198
756 841 0.700331
756 813 0.711394
756 982 0.816349
756 819 0.700542
756 858 0.915500
756 933 0.850259
756 942 0.852261
756 983 0.905440
756 824 0.054388
756 964 0.050898
757 787 0.960605
757 926 0.848753
758 815 0.759206
759 794 0.972370
759 966 0.942269
759 765 0.797538
760 796 0.842276
762 958 0.971516
762 928 0.920242
762 985 0.727063
762 930 0.934521
762 932 0.815899
762 972 0.111386
762 913 0.240153
763 794 0.922250
763 870 0.889634
763 966 0.781955
763 945 0.299729
763 765 0.900773
764 814 0.180611
764 775 0.869369
764 922 0.746544
765 966 0.735744
765 881 0.856394
765 780 0.878478
765 794 0.924040
765 845 0.937767
765 854 0.152597
766 813 0.990528
766 819 0.772144
767 857 0.724507
768 916 0.894935
768 974 0.794926
768 862 0.737913
768 848 0.723646
768 882 0.932492
768 878 0.967890
768 890 0.158591
768 995 0.277284
768 993 0.974689
769 809 0.821773
769 927 0.941108
769 924 0.871895
769 785 0.870707
769 846 0.108535
770 963 0.737809
772 795 0.772607
772 797 0.940270
772 950 0.170444
774 833 0.882009
775 955 0.932408
775 827 0.801078
775 871 0.946938
775 996 0.886580
775 807 0.944262
775 822 0.783490
775 861 0.712402
775 855 0.872923
775 922 0.964753
775 805 0.975739
775 915 0.752095
775 975 0.902355
775 860 0.134318
777 987 0.784789
777 998 0.940224
777 887 0.809296
777 831 0.980705
777 873 0.723547
778 905 0.990283
778 918 0.034569
779 962 0.755898
779 891 0.788188
779 799 0.877043
779 832 0.700295
779 989 0.962129
779 786 0.785617
779 931 0.885388
779 992 0.039256
779 900 0.253507
780 890 0.004961
780 966 0.702981
780 870 0.703002
780 821 0.015072
781 954 0.198762
783 920 0.923041
783 854 0.882454
783 830 0.938139
784 981 0.034717
784 950 0.855006
785 944 0.250922
785 843 0.062077
788 925 0.146611
788 800 0.969724
788 981 0.929172
789 910 0.781117
789 892 0.963370
790 865 0.969438
790 887 0.959744
790 831 0.753901
790 998 0.780875
790 994 0.835397
790 873 0.701783
792 973 0.278141
792 927 0.973850
792 809 0.773831
793 978 0.844926
794 812 0.135688
794 966 0.800715
794 959 0.834345
794 881 0.741962
794 800 0.120409
795 797 0.927671
796 965 0.225746
797 938 0.981812
797 897 0.869227
797 885 0.945021
797 997 0.252237
798 906 0.954886
798 929 0.788275
798 960 0.790502
798 846 0.720964
798 992 0.838075
798 845 0.136551
799 989 0.954812
799 976 0.231690
799 832 0.907300
799 965 0.929622
800 981 0.865103
801 913 0.890041
802 901 0.733292
802 921 0.917299
802 958 0.102057
802 863 0.005458
803 907 0.741667
804 822 0.981385
804 939 0.255101
804 861 0.825454
805 981 0.233626
805 871 0.856577
806 813 0.870391
806 841 0.967717
807 822 0.865246
808 999 0.219851
808 961 0.819287
808 864 0.705424
809 956 0.000190
810 946 0.723845
811 904 0.059482
812 906 0.868379
812 929 0.902905
812 851 0.842844
813 944 0.957451
813 841 0.744771
813 942 0.858147
813 819 0.786288
813 982 0.886964
813 983 0.930056
813 872 0.794786
813 858 0.882558
813 828 0.263833
814 936 0.822751
815 837 0.915208
815 946 0.756825
815 872 0.050434
817 951 0.766498
817 898 0.890307
817 953 0.177973
819 872 0.985990
822 827 0.986035
824 898 0.728112
825 833 0.751203
827 853 0.786594
827 975 0.824393
827 855 0.787030
827 983 0.242823
829 890 0.034914
829 949 0.815542
830 917 0.704780
830 957 0.800287
830 854 0.813980
831 994 0.718097
832 962 0.987176
835 988 0.952572
835 868 0.855948
838 905 0.868000
838 850 0.743746
838 843 0.701911
839 896 0.986722
839 844 0.229151
841 858 0.849269
841 893 0.809339
841 944 0.840762
841 942 0.743971
841 888 0.074148
841 982 0.800571
842 918 0.998668
842 847 0.759201
843 905 0.937828
843 850 0.962922
843 895 0.921228
843 859 0.887852
846 935 0.963118
846 997 0.786449
846 929 0.996689
847 970 0.035364
848 878 0.828639
849 919 0.759895
849 976 0.988098
850 905 0.818976
850 960 0.090279
850 895 0.956489
852 857 0.706297
853 975 0.901546
854 917 0.853866
854 957 0.970385
856 983 0.012541
856 910 0.926933
856 892 0.813937
857 908 0.772841
857 879 0.931136
857 869 0.982414
858 920 0.232280
859 905 0.890878
859 941 0.880605
860 948 0.994320
860 890 0.023619
861 975 0.946064
861 922 0.754890
862 916 0.836928
862 984 0.952214
862 878 0.854913
862 993 0.793683
866 910 0.881442
866 892 0.790376
869 879 0.765167
870 959 0.884908
872 933 0.877024
876 918 0.873816
877 918 0.814821
878 974 0.940011
878 969 0.118118
880 913 0.188295
880 925 0.801829
880 936 0.900436
880 889 0.970654
881 966 0.994596
882 984 0.758928
883 948 0.802282
883 957 0.084945
884 936 0.921810
884 912 0.892684
885 897 0.832910
888 986 0.795202
890 917 0.916185
892 910 0.853566
892 914 0.772183
892 926 0.930542
896 943 0.876227
896 945 0.749773
897 924 0.091973
898 951 0.816389
898 912 0.073250
899 905 0.784098
902 934 0.707884
902 911 0.880743
903 917 0.843098
905 941 0.789428
905 999 0.887260
905 970 0.056476
906 960 0.948528
906 973 0.803841
909 936 0.120184
910 926 0.796645
910 914 0.838419
911 997 0.080461
912 936 0.915933
913 981 0.971378
914 934 0.764858
914 926 0.735100
917 957 0.814944
917 937 0.932704
917 986 0.978191
917 995 0.848222
917 920 0.913928
917 953 0.972082
919 952 0.984738
922 997 0.210638
923 948 0.968058
928 930 0.742889
929 935 0.879668
929 992 0.980048
929 960 0.719104
931 975 0.224508
932 958 0.906916
933 942 0.926145
933 982 0.938940
937 995 0.874942
940 943 0.736043
943 945 0.752003
946 972 0.906802
954 981 0.915003
958 985 0.734896
959 962 0.277170
960 990 0.780472
965 989 0.781145
968 982 0.292208
