1 135 3.0
1 30 5.0
1 255 4.0
1 146 10.0
1 211 8.0
1 477 20.0
1 302 3.0
1 1014 5.0
1 42 8.0
1 36 18.0
1 1271 12.0
1 312 89.0
1 44 9.0
1 3 67.0
1 1626 25.0
1 161 10.0
1 1675 7.0
1 652 3.0
1 132 6.0
1 1312 3.0
2 3 7.0
3 84 3.0
3 155 5.0
3 32 27.0
3 132 6.0
3 221 4.0
3 51 8.0
3 308 3.0
3 36 14.0
3 68 5.0
3 372 6.0
3 72 8.0
3 42 4.0
3 498 5.0
3 555 3.0
3 176 3.0
3 482 6.0
3 1110 4.0
3 687 3.0
3 1577 6.0
3 41 3.0
3 1440 3.0
3 44 6.0
3 135 8.0
3 1510 5.0
3 1285 8.0
3 800 5.0
3 1713 11.0
3 26 4.0
3 249 7.0
3 1317 3.0
3 312 7.0
3 1343 3.0
3 1784 11.0
3 1807 3.0
3 180 4.0
3 146 4.0
6 212 22.0
6 36 5.0
6 96 6.0
6 221 3.0
6 307 8.0
6 350 4.0
6 252 5.0
6 404 4.0
6 378 21.0
6 413 23.0
6 69 3.0
6 325 4.0
6 376 4.0
6 335 19.0
6 398 4.0
6 48 9.0
6 447 4.0
6 274 6.0
6 481 16.0
6 578 3.0
6 540 5.0
6 636 4.0
6 124 8.0
6 479 6.0
6 278 4.0
6 603 3.0
6 73 7.0
6 317 3.0
6 712 26.0
6 686 3.0
6 704 3.0
6 1180 4.0
6 753 11.0
6 422 11.0
6 1410 3.0
8 67 4.0
8 19 5.0
8 84 3.0
8 99 9.0
8 9 62.0
8 164 4.0
8 189 3.0
8 254 9.0
8 32 20.0
8 349 3.0
8 395 5.0
8 249 4.0
8 520 3.0
8 12 19.0
8 771 3.0
8 250 5.0
8 624 3.0
8 1000 8.0
8 634 3.0
8 834 13.0
8 1522 3.0
8 1189 4.0
8 1539 6.0
8 346 3.0
8 557 3.0
8 430 3.0
8 1285 6.0
8 644 9.0
8 1756 5.0
9 58 6.0
9 76 3.0
9 109 5.0
9 32 31.0
9 135 5.0
9 97 11.0
9 177 21.0
9 175 9.0
9 144 6.0
9 260 4.0
9 299 9.0
9 316 8.0
9 318 3.0
9 52 3.0
9 288 18.0
9 282 53.0
9 308 9.0
9 311 4.0
9 366 3.0
9 358 3.0
9 212 10.0
9 391 7.0
9 34 3.0
9 405 6.0
9 465 4.0
9 389 7.0
9 194 3.0
9 527 5.0
9 569 90.0
9 566 3.0
9 127 4.0
9 601 15.0
9 514 5.0
9 598 42.0
9 409 10.0
9 607 8.0
9 626 5.0
9 640 4.0
9 683 25.0
9 708 3.0
9 711 13.0
9 697 6.0
9 788 13.0
9 753 19.0
9 142 11.0
9 27 5.0
9 681 4.0
9 617 15.0
9 835 3.0
9 72 11.0
9 652 4.0
9 1062 4.0
9 834 7.0
9 679 14.0
9 1132 7.0
9 1183 11.0
9 1196 26.0
9 1190 12.0
9 1181 15.0
9 928 5.0
9 1206 3.0
9 1280 6.0
9 1312 7.0
9 1338 10.0
9 1265 6.0
9 1402 5.0
9 1281 4.0
9 1423 12.0
9 1510 4.0
9 1285 4.0
9 1521 6.0
9 1313 55.0
9 1387 6.0
9 1642 5.0
9 1647 18.0
9 1644 16.0
9 1637 3.0
9 12 5.0
9 1545 4.0
9 1580 15.0
9 1343 51.0
9 1731 15.0
9 1655 3.0
9 1467 3.0
9 1255 12.0
9 1308 30.0
9 1763 5.0
9 1346 8.0
9 67 3.0
9 1118 9.0
9 1839 4.0
9 899 3.0
9 1781 10.0
9 1624 13.0
10 1258 4.0
12 32 19.0
12 175 35.0
12 168 3.0
12 101 13.0
12 288 15.0
12 402 9.0
12 593 3.0
12 389 19.0
12 569 81.0
12 142 9.0
12 343 19.0
12 527 22.0
12 391 4.0
12 658 5.0
12 536 7.0
12 308 11.0
12 617 11.0
12 823 15.0
12 140 6.0
12 757 4.0
12 681 4.0
12 711 44.0
12 605 12.0
12 599 25.0
12 73 3.0
12 817 3.0
12 282 24.0
12 766 3.0
12 969 6.0
12 997 12.0
12 938 5.0
12 1039 3.0
12 603 3.0
12 319 5.0
12 80 3.0
12 586 4.0
12 926 9.0
12 1068 5.0
12 758 4.0
12 814 3.0
12 415 6.0
12 598 8.0
12 1042 3.0
12 409 5.0
12 1255 15.0
12 1344 5.0
12 1118 89.0
12 1138 8.0
12 392 11.0
12 1214 3.0
12 1379 5.0
12 358 6.0
12 1281 11.0
12 1402 12.0
12 366 4.0
12 1433 8.0
12 1387 31.0
12 1313 33.0
12 1297 5.0
12 1577 5.0
12 1406 3.0
12 1440 5.0
12 1520 4.0
12 1312 164.0
12 144 20.0
12 1343 34.0
12 143 10.0
12 1763 5.0
12 1644 15.0
12 27 9.0
12 1808 9.0
12 398 9.0
12 868 27.0
12 1624 15.0
12 1831 5.0
19 82 6.0
19 58 4.0
19 52 7.0
19 109 8.0
19 215 8.0
19 233 4.0
19 302 5.0
19 365 11.0
19 44 3.0
19 443 6.0
19 409 37.0
19 538 15.0
19 566 3.0
19 527 7.0
19 593 11.0
19 598 6.0
19 601 4.0
19 711 9.0
19 525 26.0
19 114 4.0
19 36 3.0
19 654 9.0
19 859 9.0
19 924 3.0
19 1078 3.0
19 986 32.0
19 583 4.0
19 991 5.0
19 1130 7.0
19 1132 3.0
19 1281 3.0
19 1430 3.0
19 1260 9.0
19 639 4.0
19 1645 6.0
19 1181 9.0
19 1313 20.0
19 1246 6.0
19 1624 11.0
19 1882 3.0
20 275 4.0
26 679 11.0
26 462 4.0
26 1014 3.0
26 53 6.0
26 645 3.0
26 63 20.0
26 1176 32.0
26 1281 15.0
26 146 4.0
26 1383 3.0
27 221 3.0
27 184 6.0
27 414 20.0
27 422 4.0
27 620 84.0
27 278 21.0
27 652 87.0
27 996 3.0
27 794 5.0
27 479 6.0
27 481 8.0
27 42 5.0
27 1162 3.0
27 87 4.0
27 1425 9.0
27 1158 29.0
27 1285 47.0
27 1079 40.0
27 1009 16.0
27 1713 6.0
27 995 3.0
27 582 8.0
27 1686 17.0
27 398 29.0
27 271 6.0
27 1220 3.0
27 1876 4.0
29 443 3.0
29 823 11.0
29 605 5.0
29 1072 3.0
29 1136 3.0
29 1540 5.0
29 569 5.0
30 31 4.0
30 131 4.0
30 132 4.0
30 72 3.0
30 392 4.0
30 103 8.0
30 679 18.0
30 161 8.0
30 1176 3.0
30 1014 5.0
32 52 5.0
32 58 4.0
32 67 23.0
32 41 6.0
32 96 3.0
32 143 7.0
32 155 4.0
32 109 3.0
32 175 12.0
32 177 15.0
32 220 4.0
32 144 3.0
32 88 5.0
32 291 5.0
32 184 6.0
32 63 8.0
32 263 3.0
32 378 13.0
32 429 12.0
32 430 7.0
32 474 16.0
32 209 3.0
32 527 5.0
32 598 7.0
32 636 3.0
32 626 7.0
32 681 8.0
32 711 17.0
32 713 4.0
32 605 23.0
32 859 3.0
32 283 4.0
32 632 3.0
32 640 5.0
32 770 3.0
32 704 9.0
32 375 5.0
32 940 3.0
32 654 4.0
32 991 4.0
32 379 6.0
32 938 11.0
32 1002 5.0
32 1034 8.0
32 1068 4.0
32 1042 15.0
32 1093 5.0
32 1099 4.0
32 462 8.0
32 194 3.0
32 638 11.0
32 546 5.0
32 683 19.0
32 317 3.0
32 281 17.0
32 377 6.0
32 1132 5.0
32 105 22.0
32 1231 4.0
32 1217 3.0
32 1211 6.0
32 1196 4.0
32 1234 18.0
32 799 20.0
32 1255 12.0
32 118 3.0
32 349 3.0
32 1127 5.0
32 1260 20.0
32 1281 6.0
32 1395 6.0
32 1402 4.0
32 1183 5.0
32 523 6.0
32 128 12.0
32 1463 5.0
32 792 3.0
32 1546 9.0
32 1577 7.0
32 1598 4.0
32 219 8.0
32 1642 6.0
32 1675 23.0
32 1731 4.0
32 249 9.0
32 1488 9.0
32 525 3.0
32 443 5.0
32 1238 3.0
32 1781 4.0
32 818 4.0
32 1789 7.0
32 1807 6.0
32 673 8.0
32 1878 6.0
34 101 7.0
34 212 10.0
34 282 12.0
34 314 4.0
34 286 3.0
34 318 7.0
34 297 3.0
34 324 3.0
34 319 3.0
34 335 14.0
34 313 38.0
34 299 5.0
34 44 4.0
34 599 6.0
34 502 8.0
34 551 3.0
34 592 6.0
34 761 5.0
34 802 3.0
34 843 7.0
34 768 4.0
34 1072 3.0
34 1130 7.0
34 483 6.0
34 189 3.0
34 1042 3.0
36 60 6.0
36 84 3.0
36 93 4.0
36 105 7.0
36 109 7.0
36 133 6.0
36 73 11.0
36 129 5.0
36 222 4.0
36 221 5.0
36 254 6.0
36 285 3.0
36 211 16.0
36 299 3.0
36 189 38.0
36 75 4.0
36 413 4.0
36 119 5.0
36 601 4.0
36 625 3.0
36 281 5.0
36 770 19.0
36 834 5.0
36 940 7.0
36 1033 6.0
36 1127 6.0
36 1269 3.0
36 1713 6.0
36 44 3.0
36 642 3.0
36 1789 5.0
38 101 5.0
38 128 13.0
38 288 39.0
38 365 3.0
38 405 3.0
38 177 13.0
38 313 56.0
38 502 58.0
38 475 98.0
38 592 3.0
38 626 3.0
38 783 3.0
41 42 3.0
41 63 27.0
41 56 3.0
41 58 3.0
41 76 3.0
41 168 17.0
41 177 31.0
41 180 6.0
41 90 5.0
41 185 5.0
41 97 3.0
41 250 5.0
41 280 5.0
41 308 8.0
41 407 9.0
41 396 3.0
41 392 5.0
41 389 59.0
41 437 4.0
41 463 4.0
41 473 3.0
41 503 4.0
41 523 6.0
41 527 4.0
41 502 32.0
41 460 3.0
41 598 9.0
41 609 3.0
41 638 4.0
41 780 14.0
41 687 4.0
41 713 13.0
41 805 12.0
41 599 25.0
41 766 26.0
41 741 5.0
41 495 13.0
41 610 3.0
41 901 9.0
41 913 11.0
41 928 13.0
41 277 10.0
41 815 3.0
41 283 6.0
41 943 3.0
41 151 3.0
41 975 4.0
41 176 11.0
41 938 5.0
41 595 5.0
41 1040 8.0
41 1041 22.0
41 823 7.0
41 1043 6.0
41 1163 5.0
41 1018 6.0
41 919 5.0
41 1236 10.0
41 1255 15.0
41 1136 7.0
41 1554 4.0
41 1497 3.0
41 1665 3.0
41 1029 13.0
41 1423 3.0
42 942 3.0
42 573 4.0
42 72 29.0
42 194 3.0
42 353 13.0
42 263 4.0
42 600 3.0
42 952 3.0
42 132 6.0
42 801 3.0
42 928 4.0
42 543 3.0
42 964 11.0
42 852 4.0
42 163 4.0
42 325 3.0
42 296 3.0
42 144 11.0
42 189 4.0
42 1062 9.0
42 1050 5.0
42 474 17.0
42 1031 6.0
42 483 10.0
42 679 4.0
42 640 5.0
42 995 4.0
42 1183 22.0
42 488 3.0
42 323 53.0
42 105 4.0
42 1280 3.0
42 502 5.0
42 831 3.0
42 394 3.0
42 1224 7.0
42 1308 5.0
42 495 3.0
42 1294 3.0
42 1325 4.0
42 843 3.0
42 548 3.0
42 1340 5.0
42 475 3.0
42 392 9.0
42 1255 17.0
42 626 6.0
42 257 7.0
42 1358 4.0
42 752 4.0
42 135 10.0
42 538 3.0
42 1142 3.0
42 716 3.0
42 950 13.0
42 1415 4.0
42 1509 3.0
42 1507 7.0
42 919 5.0
42 1534 4.0
42 1440 5.0
42 1521 5.0
42 1487 4.0
42 1329 3.0
42 1724 4.0
43 1440 3.0
44 79 5.0
44 129 9.0
44 90 5.0
44 88 5.0
44 74 13.0
44 105 5.0
44 214 6.0
44 99 4.0
44 308 4.0
44 372 3.0
44 432 5.0
44 296 3.0
44 211 4.0
44 770 13.0
44 189 13.0
44 249 25.0
44 103 3.0
44 1713 6.0
44 1669 3.0
44 95 5.0
44 1542 3.0
44 1866 10.0
47 814 5.0
48 97 4.0
48 81 3.0
48 145 4.0
48 96 3.0
48 52 19.0
48 175 40.0
48 220 15.0
48 144 16.0
48 204 13.0
48 212 17.0
48 256 4.0
48 274 3.0
48 314 8.0
48 311 5.0
48 307 3.0
48 447 3.0
48 538 35.0
48 621 12.0
48 638 5.0
48 683 39.0
48 753 21.0
48 758 11.0
48 721 9.0
48 713 4.0
48 986 8.0
48 377 3.0
48 1136 8.0
48 840 5.0
48 152 14.0
48 1184 6.0
48 323 53.0
48 1280 13.0
48 1346 4.0
48 1624 14.0
48 1655 4.0
48 1540 12.0
50 288 3.0
50 386 5.0
50 376 5.0
50 409 4.0
50 626 13.0
50 654 6.0
50 102 5.0
50 1100 3.0
50 1131 3.0
50 1136 4.0
50 679 10.0
50 1190 8.0
50 234 6.0
50 919 5.0
50 1248 5.0
50 596 3.0
50 1253 5.0
50 481 9.0
50 1227 4.0
50 701 6.0
50 758 6.0
50 1281 10.0
50 1284 9.0
50 1463 5.0
50 1487 5.0
50 1616 4.0
50 1540 3.0
51 58 3.0
51 215 7.0
51 204 24.0
51 260 11.0
51 267 4.0
51 288 4.0
51 294 16.0
51 277 3.0
51 128 5.0
51 212 13.0
51 314 4.0
51 324 32.0
51 523 3.0
51 561 6.0
51 588 4.0
51 525 81.0
51 913 19.0
51 638 3.0
51 1775 6.0
51 1436 10.0
52 103 7.0
52 95 4.0
52 201 3.0
52 400 3.0
52 368 3.0
52 681 18.0
52 309 4.0
52 1235 7.0
52 1269 6.0
52 105 9.0
52 1042 4.0
52 749 3.0
52 67 5.0
52 509 9.0
52 1508 10.0
52 966 6.0
52 1285 4.0
52 1543 3.0
53 308 5.0
53 305 3.0
53 325 7.0
53 642 4.0
53 250 14.0
53 785 3.0
53 542 3.0
53 1018 5.0
53 834 10.0
53 343 3.0
53 1202 3.0
53 646 4.0
53 1314 6.0
53 1283 6.0
53 620 3.0
53 1138 7.0
53 711 5.0
53 1585 3.0
53 1636 5.0
53 1667 25.0
53 413 4.0
53 1657 5.0
56 68 4.0
56 105 3.0
56 154 3.0
56 214 3.0
56 345 3.0
56 340 3.0
57 596 15.0
57 708 7.0
58 103 5.0
58 199 3.0
58 811 3.0
58 1326 3.0
60 308 19.0
60 194 4.0
60 335 3.0
60 62 7.0
60 701 6.0
60 679 20.0
60 63 3.0
60 1463 3.0
60 1184 7.0
61 68 4.0
61 105 5.0
61 1721 3.0
61 249 4.0
62 102 4.0
62 389 5.0
62 266 5.0
62 368 3.0
62 454 9.0
62 194 9.0
62 481 6.0
62 236 4.0
62 465 7.0
62 502 9.0
62 128 6.0
62 475 4.0
62 483 3.0
62 103 3.0
62 567 3.0
62 343 3.0
62 463 5.0
62 422 3.0
62 596 5.0
62 551 9.0
62 393 4.0
62 555 3.0
62 843 11.0
62 598 3.0
62 1224 10.0
62 1190 5.0
62 1373 3.0
62 1281 3.0
63 103 30.0
63 105 4.0
63 95 27.0
63 176 10.0
63 161 6.0
63 174 15.0
63 155 6.0
63 185 5.0
63 199 8.0
63 127 16.0
63 249 7.0
63 290 3.0
63 301 3.0
63 296 6.0
63 67 9.0
63 74 8.0
63 337 3.0
63 193 28.0
63 342 9.0
63 430 3.0
63 494 12.0
63 704 8.0
63 313 3.0
63 385 7.0
63 547 15.0
63 801 5.0
63 242 17.0
63 963 8.0
63 949 7.0
63 297 6.0
63 990 12.0
63 549 3.0
63 996 5.0
63 73 13.0
63 332 3.0
63 770 3.0
63 339 5.0
63 865 5.0
63 814 20.0
63 797 5.0
63 1310 3.0
63 942 3.0
63 228 3.0
63 278 3.0
63 1271 3.0
63 1174 3.0
63 557 3.0
63 1517 3.0
63 912 3.0
63 1520 9.0
66 103 4.0
67 215 3.0
67 212 3.0
67 132 3.0
67 282 6.0
67 396 7.0
67 378 4.0
67 288 7.0
67 72 10.0
67 475 18.0
67 598 8.0
67 607 3.0
67 683 9.0
67 713 3.0
67 679 9.0
67 901 9.0
67 928 6.0
67 281 5.0
67 938 21.0
67 1042 6.0
67 1137 6.0
67 1039 10.0
67 1255 5.0
67 1296 4.0
67 697 9.0
67 97 4.0
67 1231 4.0
67 1417 3.0
67 1338 8.0
67 809 5.0
67 1260 3.0
67 1501 3.0
67 1496 5.0
67 1313 11.0
67 1546 4.0
67 1387 5.0
67 318 5.0
67 1565 3.0
67 1675 14.0
67 710 3.0
67 1775 4.0
67 1781 3.0
67 1796 8.0
67 657 5.0
67 180 12.0
67 1403 7.0
68 101 3.0
68 204 13.0
68 389 6.0
68 97 4.0
68 321 4.0
68 323 95.0
68 598 5.0
68 700 3.0
68 475 6.0
68 638 4.0
68 599 59.0
68 173 4.0
68 375 3.0
68 924 3.0
68 969 3.0
68 783 53.0
68 938 8.0
68 391 7.0
68 495 12.0
68 1214 7.0
68 1402 24.0
68 871 4.0
68 893 3.0
69 271 7.0
69 1539 3.0
69 1756 3.0
70 385 3.0
70 400 8.0
70 1113 12.0
71 72 4.0
72 103 25.0
72 160 3.0
72 291 3.0
72 337 5.0
72 335 14.0
72 321 5.0
72 372 10.0
72 263 3.0
72 398 3.0
72 325 4.0
72 611 9.0
72 266 3.0
72 652 9.0
72 683 46.0
72 677 3.0
72 686 6.0
72 704 7.0
72 644 7.0
72 583 6.0
72 768 16.0
72 199 3.0
72 679 67.0
72 701 3.0
72 857 7.0
72 942 3.0
72 966 4.0
72 1052 3.0
72 1039 47.0
72 283 4.0
72 834 21.0
72 1068 15.0
72 1045 3.0
72 1223 3.0
72 1227 8.0
72 1253 18.0
72 883 3.0
72 357 3.0
72 392 12.0
72 1283 3.0
72 303 5.0
72 1316 4.0
72 430 3.0
72 1765 4.0
72 1792 4.0
73 74 17.0
73 343 3.0
73 697 11.0
73 252 4.0
73 389 4.0
73 617 48.0
73 753 16.0
73 605 15.0
73 787 3.0
73 991 8.0
73 986 3.0
73 926 5.0
73 379 9.0
73 596 9.0
73 652 6.0
73 323 3.0
73 1646 3.0
74 379 15.0
74 378 6.0
74 96 4.0
74 398 5.0
74 474 7.0
74 527 4.0
74 302 3.0
74 592 6.0
74 638 4.0
74 617 19.0
74 607 4.0
74 605 14.0
74 680 3.0
74 316 9.0
74 708 4.0
74 463 4.0
74 753 6.0
74 758 3.0
74 635 4.0
74 840 9.0
74 561 6.0
74 686 3.0
75 120 4.0
75 313 9.0
75 323 6.0
75 212 5.0
75 297 3.0
75 475 26.0
76 258 3.0
76 399 5.0
79 260 3.0
79 365 3.0
80 1041 5.0
80 277 36.0
80 1189 5.0
80 609 4.0
81 176 5.0
81 1434 5.0
83 536 3.0
83 551 4.0
84 94 3.0
84 765 10.0
84 638 3.0
84 1647 4.0
84 451 3.0
85 124 3.0
85 1556 5.0
85 1579 4.0
85 1434 11.0
87 393 3.0
87 713 5.0
88 220 3.0
88 144 5.0
88 323 64.0
88 212 4.0
88 358 4.0
88 701 3.0
90 642 3.0
90 479 10.0
90 598 3.0
90 269 5.0
90 605 8.0
90 1339 3.0
90 967 3.0
91 92 3.0
93 211 8.0
95 145 3.0
95 109 3.0
95 96 5.0
95 220 17.0
95 168 7.0
95 365 7.0
95 447 12.0
95 371 3.0
95 626 9.0
95 712 24.0
95 638 8.0
95 654 3.0
95 592 13.0
95 175 17.0
95 713 5.0
95 938 3.0
95 345 3.0
95 983 5.0
95 1246 21.0
95 859 4.0
95 1393 7.0
95 1385 3.0
95 1118 10.0
95 299 4.0
95 1365 4.0
95 561 53.0
95 1580 6.0
95 525 7.0
95 1238 4.0
95 1387 12.0
95 621 5.0
95 319 7.0
95 1452 8.0
95 868 16.0
95 1796 13.0
95 1789 3.0
95 1624 43.0
95 1808 6.0
95 1403 7.0
95 697 19.0
95 1839 5.0
95 1859 16.0
97 98 4.0
97 102 8.0
97 228 3.0
97 191 5.0
97 338 4.0
97 349 5.0
97 372 6.0
97 289 11.0
97 352 3.0
97 542 126.0
97 325 49.0
97 252 8.0
97 266 3.0
97 104 3.0
97 124 6.0
97 181 6.0
97 726 24.0
97 644 7.0
97 687 5.0
97 847 4.0
97 770 3.0
97 194 5.0
97 559 5.0
97 934 3.0
97 1043 3.0
97 994 3.0
98 335 3.0
98 323 5.0
98 102 6.0
98 638 3.0
98 1069 3.0
99 144 11.0
99 626 13.0
99 654 7.0
99 194 6.0
99 1246 5.0
100 101 5.0
101 103 3.0
101 190 18.0
101 184 10.0
101 208 3.0
101 176 22.0
101 214 3.0
101 514 3.0
101 770 3.0
101 847 3.0
101 1002 4.0
101 282 6.0
101 198 11.0
101 370 3.0
102 323 6.0
102 355 14.0
102 316 9.0
102 638 3.0
102 713 5.0
102 645 3.0
103 135 4.0
103 109 9.0
103 177 3.0
103 215 8.0
103 168 9.0
103 175 9.0
103 185 3.0
103 166 3.0
103 144 4.0
103 260 5.0
103 228 3.0
103 299 6.0
103 324 14.0
103 316 3.0
103 311 4.0
103 134 5.0
103 314 5.0
103 375 3.0
103 365 7.0
103 378 9.0
103 393 4.0
103 392 23.0
103 464 5.0
103 437 4.0
103 503 10.0
103 538 3.0
103 358 5.0
103 128 5.0
103 525 46.0
103 462 41.0
103 402 5.0
103 569 3.0
103 598 12.0
103 409 5.0
103 372 6.0
103 561 11.0
103 601 5.0
103 143 8.0
103 639 4.0
103 447 4.0
103 277 10.0
103 605 27.0
103 673 13.0
103 683 10.0
103 688 6.0
103 617 72.0
103 713 12.0
103 712 13.0
103 686 4.0
103 758 3.0
103 592 5.0
103 799 15.0
103 840 8.0
103 841 16.0
103 701 3.0
103 874 4.0
103 920 7.0
103 220 5.0
103 495 7.0
103 734 16.0
103 783 10.0
103 345 7.0
103 853 5.0
103 599 22.0
103 938 7.0
103 967 3.0
103 969 6.0
103 708 4.0
103 975 3.0
103 973 13.0
103 658 8.0
103 983 6.0
103 151 3.0
103 504 3.0
103 988 6.0
103 638 12.0
103 377 3.0
103 1078 9.0
103 1072 6.0
103 1060 7.0
103 928 4.0
103 1097 3.0
103 652 4.0
103 1118 5.0
103 114 9.0
103 954 8.0
103 1181 3.0
103 475 17.0
103 1256 3.0
103 1002 4.0
103 1195 9.0
103 1236 4.0
103 1302 9.0
103 1231 15.0
103 1313 5.0
103 1215 5.0
103 1126 4.0
103 1312 15.0
103 1280 10.0
103 1217 3.0
103 1518 3.0
103 1487 3.0
103 1362 10.0
103 1540 5.0
103 1554 14.0
103 908 3.0
103 919 7.0
103 1238 3.0
104 817 5.0
105 135 4.0
105 144 3.0
105 713 8.0
105 599 3.0
105 1021 4.0
105 1027 5.0
105 638 4.0
105 1039 3.0
105 337 6.0
105 626 7.0
105 212 3.0
105 1132 11.0
105 323 4.0
105 367 12.0
105 308 5.0
105 701 7.0
105 475 8.0
105 175 4.0
105 1033 3.0
105 995 4.0
105 654 3.0
105 938 4.0
105 498 9.0
105 317 3.0
105 569 37.0
105 288 11.0
105 1181 5.0
105 606 7.0
105 964 7.0
105 463 13.0
105 621 19.0
105 697 5.0
105 859 7.0
105 711 9.0
105 605 4.0
105 1083 7.0
105 474 37.0
105 708 3.0
105 1373 11.0
105 1406 13.0
105 1118 12.0
105 398 56.0
105 1338 6.0
105 1402 24.0
105 576 12.0
105 1312 8.0
105 1444 4.0
105 1624 141.0
105 1644 21.0
105 1168 3.0
105 1255 3.0
105 557 4.0
105 639 17.0
105 494 5.0
105 358 4.0
105 1585 4.0
105 1487 3.0
105 652 9.0
105 1781 8.0
105 1771 16.0
105 1675 8.0
105 1724 24.0
105 1756 11.0
105 1543 3.0
105 1308 5.0
105 1789 15.0
105 615 7.0
105 1730 3.0
105 180 5.0
105 561 23.0
105 415 3.0
105 1127 7.0
105 1831 6.0
109 124 4.0
109 400 5.0
109 282 5.0
109 1000 3.0
109 681 3.0
110 638 3.0
114 124 5.0
114 400 4.0
114 250 9.0
114 770 32.0
118 120 3.0
118 193 13.0
118 194 3.0
118 1070 4.0
119 120 5.0
119 145 3.0
119 447 7.0
119 302 5.0
119 596 5.0
119 617 7.0
120 222 4.0
121 144 4.0
121 228 3.0
121 194 3.0
122 787 3.0
124 135 6.0
124 140 6.0
124 318 6.0
124 323 19.0
124 396 13.0
124 551 6.0
124 617 9.0
124 713 9.0
124 605 7.0
124 711 5.0
124 474 5.0
124 598 9.0
124 712 5.0
124 1402 9.0
124 449 3.0
124 447 7.0
124 1644 4.0
124 1255 11.0
125 131 5.0
125 1796 3.0
127 260 4.0
127 392 4.0
127 1097 3.0
127 1724 5.0
127 809 3.0
127 1312 3.0
127 495 4.0
128 211 4.0
128 236 41.0
128 324 9.0
128 334 7.0
128 172 4.0
128 325 5.0
128 571 17.0
128 715 4.0
128 372 15.0
128 629 6.0
128 542 27.0
128 733 13.0
128 687 5.0
128 934 18.0
128 250 4.0
128 338 7.0
128 569 26.0
128 706 21.0
128 242 8.0
128 1006 7.0
128 1113 30.0
128 557 5.0
128 1409 5.0
128 1381 24.0
128 1354 11.0
128 1004 3.0
128 738 4.0
128 1153 25.0
128 502 9.0
128 1101 4.0
128 980 7.0
128 1267 9.0
128 797 7.0
128 847 8.0
128 1510 9.0
128 606 4.0
128 1513 4.0
128 970 4.0
128 1189 4.0
128 779 3.0
131 297 21.0
131 393 5.0
131 368 3.0
131 753 15.0
131 686 3.0
131 439 9.0
131 504 3.0
131 314 7.0
131 194 3.0
131 394 6.0
131 1248 4.0
131 1281 11.0
131 654 12.0
131 1284 14.0
131 792 11.0
131 1181 4.0
132 589 3.0
132 449 3.0
132 263 5.0
132 1014 5.0
132 398 8.0
132 1487 8.0
132 846 3.0
132 1491 5.0
132 312 7.0
133 135 5.0
134 398 3.0
134 357 3.0
135 1356 3.0
135 1113 6.0
140 185 4.0
140 201 3.0
140 1644 4.0
140 557 11.0
140 1281 6.0
142 144 25.0
142 244 10.0
142 997 13.0
142 1121 11.0
142 840 7.0
142 415 3.0
142 1260 3.0
142 257 8.0
142 329 3.0
142 654 9.0
142 617 4.0
142 1415 3.0
142 1575 3.0
143 201 51.0
143 456 3.0
143 681 4.0
143 163 3.0
143 1037 8.0
143 442 3.0
143 834 3.0
143 357 9.0
143 1339 3.0
143 1727 9.0
143 1713 5.0
143 1601 7.0
144 189 20.0
144 193 11.0
144 290 4.0
144 281 3.0
144 283 7.0
144 398 7.0
144 1017 3.0
144 1004 4.0
144 834 9.0
144 479 5.0
144 996 3.0
144 975 4.0
144 873 8.0
144 1127 4.0
144 1185 7.0
144 644 26.0
144 224 4.0
144 645 4.0
144 1556 11.0
144 1500 13.0
144 430 3.0
144 1758 23.0
144 1783 5.0
144 1472 9.0
144 1756 3.0
145 281 4.0
145 1033 5.0
145 1042 9.0
145 341 4.0
145 994 3.0
145 586 3.0
145 933 3.0
145 644 3.0
145 810 5.0
145 492 4.0
146 679 3.0
147 551 3.0
147 409 3.0
147 349 4.0
149 193 5.0
149 289 9.0
149 679 3.0
149 823 7.0
151 940 3.0
151 971 3.0
151 609 3.0
152 1153 26.0
152 372 8.0
152 1158 5.0
152 1127 4.0
152 993 21.0
152 847 6.0
154 719 4.0
154 547 5.0
154 357 3.0
154 1539 5.0
155 308 3.0
155 525 6.0
155 302 7.0
155 1196 6.0
155 1281 10.0
155 1489 4.0
155 1580 3.0
155 1624 3.0
157 341 3.0
160 964 3.0
160 639 5.0
160 429 4.0
160 1181 3.0
161 162 13.0
161 221 9.0
161 617 15.0
161 713 3.0
161 323 3.0
161 679 74.0
161 1487 8.0
161 1673 4.0
162 368 4.0
162 851 6.0
163 658 5.0
163 686 4.0
163 1281 3.0
163 474 7.0
163 986 4.0
163 768 3.0
166 400 3.0
167 1758 3.0
168 400 7.0
168 834 13.0
172 277 6.0
172 460 5.0
172 713 4.0
172 595 6.0
172 840 4.0
172 495 7.0
172 1603 3.0
172 969 4.0
172 1748 12.0
172 1724 3.0
173 400 5.0
173 749 4.0
173 342 3.0
173 1339 3.0
174 335 5.0
174 569 6.0
174 260 12.0
174 701 3.0
174 1434 44.0
174 1565 3.0
174 1648 21.0
175 191 13.0
175 214 6.0
175 424 4.0
175 640 12.0
175 834 3.0
175 224 11.0
175 1421 3.0
175 810 38.0
175 1814 5.0
176 248 5.0
176 283 4.0
176 396 13.0
176 263 3.0
176 392 11.0
176 463 4.0
176 502 14.0
176 603 6.0
176 475 9.0
176 297 5.0
176 928 22.0
176 815 11.0
176 777 4.0
176 978 3.0
176 975 11.0
176 840 15.0
176 1001 5.0
176 595 13.0
176 1021 7.0
176 1026 5.0
176 277 76.0
176 983 3.0
176 638 16.0
176 817 7.0
176 523 9.0
176 1302 5.0
176 864 5.0
176 1142 5.0
176 1236 19.0
176 1423 21.0
176 1474 3.0
176 1565 78.0
176 1665 7.0
176 1285 4.0
176 969 6.0
176 1585 7.0
176 1493 19.0
177 180 4.0
177 514 5.0
177 1009 4.0
177 1539 7.0
180 242 8.0
181 260 3.0
181 204 17.0
181 454 35.0
181 495 38.0
181 355 7.0
181 323 4.0
181 316 5.0
181 396 3.0
181 783 7.0
181 766 7.0
181 969 7.0
181 194 4.0
181 765 3.0
181 605 4.0
183 234 4.0
183 644 3.0
183 289 4.0
183 1676 3.0
184 204 4.0
184 277 6.0
184 698 5.0
184 713 3.0
184 1026 6.0
186 187 5.0
189 358 3.0
189 708 10.0
189 712 72.0
189 735 3.0
189 859 3.0
189 307 4.0
189 483 5.0
189 1749 5.0
190 652 3.0
191 235 3.0
191 236 7.0
191 237 3.0
191 277 5.0
191 317 3.0
191 323 3.0
191 376 3.0
191 393 6.0
191 396 10.0
191 405 6.0
191 409 4.0
191 536 4.0
191 239 3.0
191 365 5.0
191 738 11.0
191 765 11.0
191 874 3.0
191 913 11.0
191 928 6.0
191 815 4.0
191 1060 11.0
191 1097 12.0
191 540 3.0
191 1021 5.0
191 429 46.0
191 595 5.0
193 233 52.0
193 302 18.0
193 355 16.0
193 502 7.0
193 389 19.0
193 593 3.0
193 538 8.0
193 595 3.0
193 823 7.0
193 483 15.0
193 686 5.0
193 626 4.0
193 658 15.0
193 378 16.0
193 1215 3.0
193 596 3.0
193 967 6.0
193 1646 7.0
193 1130 6.0
193 1647 21.0
193 536 5.0
193 1343 25.0
193 1546 3.0
193 1540 3.0
193 393 11.0
193 1434 3.0
193 843 3.0
193 1565 4.0
194 199 4.0
194 206 3.0
194 209 5.0
194 296 35.0
194 368 5.0
194 422 7.0
194 342 5.0
194 303 5.0
194 456 9.0
194 211 4.0
194 583 6.0
194 325 6.0
194 619 16.0
194 482 16.0
194 683 17.0
194 679 6.0
194 586 9.0
194 355 3.0
194 687 5.0
194 516 4.0
194 234 3.0
194 598 5.0
194 913 7.0
194 283 6.0
194 884 3.0
194 621 6.0
194 498 27.0
194 463 3.0
194 928 6.0
194 334 5.0
194 770 5.0
194 277 3.0
194 652 5.0
194 448 4.0
194 1004 13.0
194 794 6.0
194 817 12.0
194 376 3.0
194 644 3.0
194 465 4.0
194 949 4.0
194 271 9.0
194 590 3.0
194 560 4.0
194 1101 3.0
194 1178 6.0
194 706 6.0
194 1185 3.0
194 1279 4.0
194 353 7.0
194 1270 3.0
194 228 3.0
194 1406 7.0
198 1302 6.0
198 1321 4.0
198 809 7.0
199 209 3.0
199 260 3.0
199 536 13.0
199 673 3.0
199 823 3.0
199 713 3.0
199 546 3.0
199 858 3.0
199 445 8.0
199 949 4.0
199 212 6.0
199 569 17.0
199 971 14.0
199 975 3.0
199 978 3.0
199 840 4.0
199 1050 3.0
199 1060 12.0
199 296 4.0
199 595 3.0
199 1237 4.0
199 1105 6.0
199 1234 5.0
199 483 3.0
199 1185 3.0
199 1364 3.0
199 1375 6.0
199 1582 7.0
199 1255 3.0
201 410 3.0
201 274 5.0
201 938 8.0
202 286 4.0
203 866 5.0
204 221 4.0
204 298 11.0
204 374 3.0
204 456 13.0
204 482 19.0
204 481 3.0
204 303 4.0
204 609 3.0
204 536 3.0
204 830 6.0
204 498 25.0
204 777 12.0
204 949 5.0
204 667 8.0
204 250 6.0
204 725 3.0
204 1070 4.0
204 1189 10.0
204 615 8.0
204 1269 28.0
204 346 3.0
204 542 5.0
204 212 4.0
204 611 6.0
204 1227 4.0
204 704 3.0
204 1539 4.0
209 212 3.0
209 299 3.0
209 242 10.0
209 429 3.0
209 355 3.0
209 713 3.0
209 823 8.0
209 594 4.0
209 1255 4.0
209 1489 6.0
211 228 5.0
211 260 4.0
211 288 5.0
211 221 4.0
211 212 8.0
211 525 11.0
211 597 4.0
211 593 3.0
211 1742 11.0
211 1546 5.0
212 252 4.0
212 303 33.0
212 289 11.0
212 263 10.0
212 224 3.0
212 376 9.0
212 388 17.0
212 394 4.0
212 413 19.0
212 416 3.0
212 372 13.0
212 321 8.0
212 472 3.0
212 480 8.0
212 481 5.0
212 305 7.0
212 368 13.0
212 642 4.0
212 576 4.0
212 479 3.0
212 236 5.0
212 678 14.0
212 712 12.0
212 741 8.0
212 760 3.0
212 439 32.0
212 765 5.0
212 309 3.0
212 639 4.0
212 590 7.0
212 555 4.0
212 1004 7.0
212 1054 3.0
212 306 8.0
212 532 6.0
212 627 3.0
212 1289 5.0
212 681 3.0
212 1507 5.0
212 1551 4.0
212 249 3.0
214 215 3.0
214 220 5.0
214 396 11.0
214 525 14.0
214 512 4.0
214 302 3.0
214 583 17.0
214 475 10.0
214 712 3.0
214 768 4.0
214 859 3.0
214 652 3.0
214 1598 3.0
214 1644 6.0
214 697 9.0
219 321 6.0
219 1127 3.0
219 1594 5.0
220 221 5.0
220 308 5.0
220 224 9.0
220 646 7.0
220 337 8.0
220 479 4.0
220 644 4.0
220 654 7.0
220 1018 10.0
220 346 6.0
220 1310 5.0
220 719 3.0
220 1522 4.0
220 1601 12.0
220 234 13.0
221 286 3.0
221 368 3.0
221 1282 3.0
221 1792 3.0
224 551 3.0
224 400 13.0
224 701 3.0
224 708 4.0
224 605 4.0
224 626 9.0
224 1402 11.0
224 1246 7.0
224 1624 7.0
224 621 4.0
224 538 12.0
224 1644 12.0
225 638 4.0
225 1281 4.0
227 1234 3.0
228 314 8.0
228 392 25.0
228 593 4.0
228 626 3.0
228 792 3.0
228 1246 6.0
228 498 5.0
228 523 3.0
233 372 7.0
233 481 3.0
233 1037 4.0
233 797 3.0
233 1113 5.0
233 810 27.0
233 1738 13.0
233 1713 23.0
233 1136 10.0
233 1676 14.0
234 391 4.0
234 297 8.0
234 1248 5.0
234 686 3.0
234 1183 4.0
234 1624 10.0
234 1255 10.0
234 1136 7.0
234 1312 27.0
234 309 3.0
234 708 3.0
234 969 3.0
236 239 3.0
236 368 11.0
236 407 7.0
236 260 4.0
236 389 25.0
236 501 30.0
236 509 8.0
236 713 3.0
236 617 3.0
236 638 3.0
239 950 8.0
239 1328 7.0
241 501 7.0
242 429 10.0
242 321 7.0
242 573 3.0
242 259 4.0
242 638 10.0
242 713 9.0
242 823 15.0
242 389 12.0
242 297 41.0
242 325 5.0
242 913 6.0
242 454 23.0
242 1178 3.0
242 1217 5.0
242 1647 7.0
242 783 9.0
244 415 10.0
244 586 15.0
244 808 5.0
244 448 15.0
245 699 3.0
245 1264 8.0
245 1283 7.0
245 710 3.0
245 615 4.0
248 283 6.0
248 374 4.0
248 375 9.0
248 603 5.0
249 302 4.0
249 474 28.0
249 654 5.0
249 454 8.0
249 713 6.0
249 779 4.0
249 288 5.0
249 402 4.0
249 598 4.0
249 1181 5.0
249 626 6.0
249 1260 10.0
249 1136 15.0
249 596 5.0
249 358 3.0
249 547 5.0
249 1304 9.0
249 1295 5.0
249 1231 3.0
249 1255 7.0
249 1359 3.0
249 964 3.0
249 725 9.0
249 1402 12.0
249 783 4.0
249 1138 12.0
249 569 10.0
249 523 4.0
249 1021 8.0
249 1485 4.0
249 1504 3.0
249 1561 4.0
249 1629 13.0
249 708 5.0
249 1489 12.0
249 1655 5.0
249 734 5.0
249 1244 8.0
249 1312 6.0
249 1343 12.0
249 1648 7.0
249 1580 13.0
249 621 7.0
249 1540 17.0
249 1568 10.0
249 502 4.0
249 1619 9.0
249 389 7.0
249 447 34.0
249 1647 7.0
249 1238 5.0
249 843 15.0
249 495 4.0
249 1280 9.0
249 1585 3.0
249 1395 10.0
249 1644 28.0
249 852 3.0
249 475 11.0
249 809 14.0
249 394 5.0
249 525 8.0
249 1713 4.0
249 1730 4.0
249 582 3.0
249 969 3.0
249 1111 5.0
249 561 4.0
249 1739 3.0
249 1142 7.0
249 518 3.0
249 1488 5.0
249 1724 4.0
249 483 4.0
249 503 5.0
250 294 3.0
250 502 17.0
250 599 10.0
250 260 4.0
250 536 6.0
250 617 11.0
250 475 36.0
250 358 4.0
250 809 6.0
250 513 4.0
250 561 5.0
250 712 6.0
250 323 17.0
250 569 6.0
250 405 6.0
250 598 4.0
250 753 15.0
250 1118 7.0
250 1068 15.0
250 954 4.0
250 713 3.0
252 277 5.0
252 481 22.0
252 456 8.0
252 389 18.0
252 463 20.0
252 586 3.0
252 687 8.0
252 638 3.0
252 376 3.0
252 598 19.0
252 542 3.0
252 713 5.0
252 616 3.0
252 757 3.0
252 935 4.0
252 783 14.0
252 765 8.0
252 297 5.0
252 595 5.0
252 1069 3.0
252 1026 6.0
252 1103 3.0
252 1018 4.0
252 1236 19.0
252 1056 3.0
252 1338 6.0
252 766 7.0
252 1291 3.0
254 263 3.0
254 281 11.0
254 308 9.0
254 311 5.0
254 317 13.0
254 337 4.0
254 302 11.0
254 307 4.0
254 378 38.0
254 396 11.0
254 447 11.0
254 638 28.0
254 654 8.0
254 495 7.0
254 626 6.0
254 673 11.0
254 344 3.0
254 617 3.0
254 701 12.0
254 561 12.0
254 605 48.0
254 408 5.0
254 874 7.0
254 596 6.0
254 277 28.0
254 1039 20.0
254 986 11.0
254 1181 3.0
254 1215 12.0
254 576 18.0
254 1234 6.0
254 1260 11.0
254 1190 7.0
254 358 7.0
254 503 4.0
254 1338 14.0
254 1136 11.0
254 1138 3.0
254 1211 9.0
254 1402 25.0
254 1184 14.0
254 1216 3.0
254 1279 3.0
254 297 4.0
254 758 3.0
254 1521 3.0
254 1598 3.0
254 973 7.0
256 259 5.0
256 514 3.0
256 498 3.0
257 1178 16.0
257 719 3.0
257 809 15.0
257 711 13.0
257 298 12.0
259 598 3.0
259 1545 3.0
260 338 4.0
260 283 8.0
260 688 3.0
260 509 9.0
260 950 5.0
260 949 8.0
260 1104 3.0
260 871 3.0
260 830 3.0
261 835 33.0
261 392 4.0
263 277 17.0
263 308 16.0
263 311 4.0
263 315 4.0
263 316 27.0
263 317 13.0
263 281 32.0
263 272 3.0
263 332 4.0
263 393 14.0
263 405 19.0
263 409 5.0
263 391 6.0
263 472 5.0
263 344 4.0
263 297 23.0
263 527 4.0
263 605 18.0
263 647 4.0
263 642 4.0
263 513 16.0
263 686 9.0
263 337 9.0
263 638 6.0
263 495 7.0
263 762 9.0
263 588 4.0
263 679 5.0
266 475 9.0
269 638 4.0
269 1045 5.0
271 277 5.0
271 713 6.0
272 273 3.0
272 316 4.0
272 297 15.0
272 509 13.0
272 605 32.0
272 617 27.0
272 632 8.0
272 448 4.0
272 308 4.0
272 337 7.0
272 468 4.0
272 654 10.0
272 306 13.0
272 503 3.0
272 1449 3.0
272 1280 3.0
272 1253 4.0
273 1002 4.0
274 462 3.0
274 481 4.0
274 645 3.0
276 711 8.0
276 852 11.0
276 1343 4.0
277 299 3.0
277 362 3.0
277 482 4.0
277 481 5.0
277 468 9.0
277 321 3.0
277 649 24.0
277 496 5.0
277 673 4.0
277 652 4.0
277 609 48.0
277 777 13.0
277 794 3.0
277 603 5.0
277 448 3.0
277 770 40.0
277 830 15.0
277 283 15.0
277 823 12.0
277 871 12.0
277 1004 14.0
277 605 29.0
277 990 9.0
277 1032 7.0
277 950 10.0
277 615 22.0
277 1023 18.0
277 1054 4.0
277 594 7.0
277 1066 14.0
277 1014 3.0
277 993 10.0
277 1186 10.0
277 706 3.0
277 1185 9.0
277 687 9.0
277 1213 3.0
277 778 3.0
277 644 5.0
277 1241 3.0
277 497 4.0
277 797 3.0
277 1688 11.0
277 1713 3.0
277 1741 7.0
278 638 3.0
278 1215 6.0
278 1248 5.0
278 883 4.0
278 1039 3.0
279 967 4.0
280 321 3.0
281 308 52.0
281 302 11.0
281 323 94.0
281 332 36.0
281 337 18.0
281 317 32.0
281 307 4.0
281 402 6.0
281 314 4.0
281 561 10.0
281 1110 8.0
281 1280 22.0
281 781 7.0
281 358 6.0
281 1190 5.0
281 1343 19.0
281 1624 13.0
281 1648 8.0
281 1312 3.0
281 708 33.0
281 1281 13.0
282 456 6.0
282 462 8.0
282 1071 5.0
282 1364 4.0
282 1543 3.0
282 1713 17.0
283 375 3.0
283 445 11.0
283 475 7.0
283 713 3.0
283 687 4.0
283 766 11.0
283 297 8.0
283 853 3.0
283 815 6.0
283 583 3.0
283 843 5.0
283 1393 14.0
283 1502 6.0
283 1556 4.0
285 422 5.0
285 323 5.0
285 1255 6.0
285 1097 4.0
285 1284 3.0
285 843 6.0
285 823 3.0
286 400 13.0
286 991 4.0
286 1000 3.0
286 1756 10.0
288 368 9.0
288 321 3.0
288 620 3.0
288 1162 5.0
288 1183 6.0
288 1190 4.0
288 470 11.0
288 1440 5.0
288 704 5.0
289 392 12.0
289 371 5.0
289 391 9.0
289 449 8.0
289 379 4.0
289 517 4.0
289 536 4.0
289 538 10.0
289 365 3.0
289 504 6.0
289 463 3.0
289 389 4.0
289 599 29.0
289 598 10.0
289 454 5.0
289 646 3.0
289 649 5.0
289 605 7.0
289 673 5.0
289 638 5.0
289 835 41.0
289 1126 6.0
289 1807 3.0
291 520 5.0
291 393 4.0
291 1332 3.0
294 368 8.0
294 831 4.0
294 1397 4.0
295 296 5.0
296 302 3.0
296 823 11.0
296 781 6.0
296 375 3.0
296 355 3.0
296 835 3.0
296 445 6.0
296 516 4.0
296 928 4.0
296 1083 3.0
296 353 4.0
296 1127 4.0
296 1138 5.0
296 1236 5.0
296 1339 7.0
296 1184 3.0
296 1346 3.0
297 325 14.0
297 349 8.0
297 372 16.0
297 482 16.0
297 422 28.0
297 683 6.0
297 704 4.0
297 733 10.0
297 321 7.0
297 573 17.0
297 830 10.0
297 884 6.0
297 337 18.0
297 777 10.0
297 448 8.0
297 513 4.0
297 999 28.0
297 950 15.0
297 484 6.0
297 814 8.0
297 609 7.0
297 542 31.0
297 1001 5.0
297 640 5.0
297 1158 15.0
297 615 12.0
297 1189 4.0
297 1283 4.0
297 1101 7.0
297 1381 4.0
297 1339 11.0
297 797 4.0
297 557 5.0
297 871 9.0
298 303 4.0
298 687 7.0
298 323 102.0
298 573 19.0
298 758 5.0
298 598 3.0
298 1434 3.0
298 518 8.0
298 353 9.0
298 970 3.0
298 1488 3.0
299 399 3.0
299 321 8.0
299 462 8.0
299 431 3.0
299 705 3.0
299 1175 6.0
299 1539 3.0
300 384 3.0
300 321 4.0
300 368 3.0
300 1657 3.0
302 509 12.0
302 557 50.0
302 449 3.0
302 674 5.0
302 652 5.0
302 617 5.0
302 733 7.0
302 654 11.0
302 1004 3.0
302 1185 3.0
302 1187 4.0
302 799 5.0
303 316 4.0
303 389 4.0
303 835 3.0
303 840 3.0
303 1215 7.0
303 1548 6.0
303 967 7.0
303 919 6.0
305 306 6.0
306 388 3.0
306 438 3.0
306 555 4.0
306 509 10.0
306 783 4.0
306 777 4.0
306 408 4.0
306 616 3.0
306 1228 3.0
306 871 15.0
306 309 3.0
306 1283 7.0
306 952 3.0
306 1274 3.0
306 503 6.0
307 317 22.0
307 642 3.0
307 341 23.0
307 309 4.0
307 1183 4.0
308 333 7.0
308 311 8.0
308 332 8.0
308 317 37.0
308 316 7.0
308 373 19.0
308 398 10.0
308 540 11.0
308 454 4.0
308 336 3.0
308 583 5.0
308 617 6.0
308 739 7.0
308 615 3.0
308 679 6.0
308 823 6.0
308 561 6.0
308 431 3.0
308 586 4.0
308 520 4.0
308 1004 3.0
308 626 4.0
308 422 12.0
308 595 3.0
308 1118 14.0
308 1042 5.0
308 523 5.0
308 835 4.0
308 1281 10.0
308 323 5.0
308 701 4.0
308 1463 4.0
308 1312 5.0
308 1601 4.0
308 1346 3.0
308 1762 18.0
308 967 4.0
309 368 4.0
309 352 5.0
309 502 6.0
309 753 6.0
309 1113 7.0
309 1182 6.0
309 1131 3.0
309 1103 4.0
309 1508 3.0
309 1467 8.0
310 405 3.0
311 317 5.0
311 365 4.0
311 321 3.0
311 373 4.0
311 400 3.0
311 567 4.0
311 1037 3.0
311 350 3.0
311 361 3.0
312 1014 3.0
312 644 3.0
312 1728 3.0
312 851 3.0
312 1626 15.0
313 398 3.0
313 801 33.0
313 733 16.0
313 834 3.0
314 333 5.0
314 400 3.0
314 479 7.0
314 372 12.0
314 966 4.0
314 542 4.0
314 834 7.0
315 317 3.0
315 994 6.0
315 993 9.0
316 355 110.0
316 317 3.0
316 321 3.0
316 325 23.0
316 496 4.0
316 726 12.0
316 509 10.0
316 777 3.0
316 714 3.0
317 319 4.0
317 479 4.0
317 368 3.0
317 605 41.0
317 617 6.0
317 739 8.0
317 679 11.0
317 840 7.0
317 1111 4.0
317 333 10.0
317 992 3.0
317 477 5.0
317 538 7.0
317 1281 4.0
317 398 3.0
317 1184 8.0
317 749 3.0
317 367 8.0
317 701 3.0
318 966 3.0
318 995 9.0
318 1042 4.0
318 1127 4.0
318 1285 4.0
318 1543 7.0
319 325 4.0
319 333 5.0
319 338 9.0
319 342 5.0
319 1127 4.0
321 405 4.0
321 344 3.0
321 392 71.0
321 437 5.0
321 460 13.0
321 454 14.0
321 376 4.0
321 368 6.0
321 487 3.0
321 480 4.0
321 491 3.0
321 365 5.0
321 502 5.0
321 495 3.0
321 607 3.0
321 639 9.0
321 595 9.0
321 599 3.0
321 616 4.0
321 783 3.0
321 754 7.0
321 721 5.0
321 713 4.0
321 766 9.0
321 758 5.0
321 765 3.0
322 652 3.0
322 1217 6.0
322 1189 3.0
322 1021 6.0
323 400 29.0
323 367 122.0
323 636 4.0
323 642 48.0
323 643 21.0
323 646 10.0
323 431 23.0
323 640 32.0
323 638 8.0
323 617 5.0
323 719 4.0
323 728 16.0
323 753 32.0
323 834 12.0
323 991 4.0
323 645 5.0
323 557 69.0
323 1006 4.0
323 1042 10.0
323 999 10.0
323 966 24.0
323 1044 7.0
323 810 18.0
323 341 135.0
323 632 17.0
323 1073 3.0
323 1014 5.0
323 758 13.0
323 1036 10.0
323 865 3.0
323 779 3.0
323 339 12.0
323 1113 6.0
323 732 3.0
323 346 4.0
323 325 3.0
323 1237 22.0
323 350 8.0
323 950 29.0
323 741 62.0
323 1267 12.0
323 1297 32.0
323 1083 5.0
323 1347 3.0
323 725 13.0
323 1339 25.0
323 704 9.0
324 329 17.0
325 378 8.0
325 447 8.0
325 482 24.0
325 523 5.0
325 513 6.0
325 542 23.0
325 549 12.0
325 391 8.0
325 583 7.0
325 567 4.0
325 607 6.0
325 625 16.0
325 642 6.0
325 632 8.0
325 683 5.0
325 645 5.0
325 532 3.0
325 713 14.0
325 644 8.0
325 483 3.0
325 859 6.0
325 926 5.0
325 783 6.0
325 874 3.0
325 760 8.0
325 938 4.0
325 1033 7.0
325 712 3.0
325 1049 7.0
325 1072 15.0
325 598 9.0
325 1069 8.0
325 1158 5.0
325 479 7.0
325 1243 4.0
325 1181 3.0
325 1281 11.0
325 1402 4.0
325 1211 5.0
325 831 5.0
326 701 7.0
328 581 7.0
329 415 6.0
329 1537 3.0
329 615 3.0
329 1510 3.0
332 352 5.0
332 908 3.0
332 1393 4.0
334 364 4.0
334 928 14.0
334 840 3.0
334 1442 4.0
334 1603 3.0
334 523 6.0
335 368 11.0
335 373 4.0
335 356 4.0
336 368 4.0
336 536 8.0
337 605 20.0
337 673 4.0
337 649 7.0
337 583 3.0
337 598 5.0
337 777 3.0
337 840 5.0
337 504 6.0
337 1042 5.0
337 1283 3.0
337 1168 8.0
337 474 4.0
337 509 6.0
337 1598 6.0
337 1648 3.0
337 398 3.0
338 348 4.0
338 454 13.0
338 1302 16.0
338 1244 6.0
339 493 3.0
339 713 3.0
339 711 4.0
339 463 8.0
339 462 3.0
339 1236 6.0
339 1402 7.0
339 1426 3.0
340 368 3.0
340 617 3.0
341 638 3.0
341 697 4.0
341 950 6.0
341 711 12.0
341 686 8.0
341 1087 4.0
341 1072 5.0
341 1132 5.0
341 1093 4.0
341 1136 4.0
341 1181 5.0
341 701 5.0
341 353 7.0
341 1255 31.0
341 1437 4.0
341 1338 35.0
341 1138 11.0
341 1373 3.0
341 1423 14.0
341 1598 4.0
341 1056 3.0
341 1395 4.0
341 1792 5.0
341 1624 3.0
341 475 3.0
342 502 11.0
342 598 14.0
342 797 5.0
342 544 11.0
342 364 5.0
342 638 15.0
342 969 6.0
342 971 5.0
342 588 8.0
342 1068 4.0
342 1039 22.0
342 626 10.0
342 495 6.0
342 1268 9.0
342 1097 4.0
342 1362 12.0
342 843 7.0
342 1431 3.0
342 1497 3.0
342 809 6.0
342 1578 5.0
342 975 4.0
342 561 26.0
342 1603 3.0
342 1848 3.0
343 386 4.0
343 424 3.0
343 790 3.0
343 431 3.0
343 377 5.0
343 350 15.0
344 403 5.0
345 346 7.0
345 518 3.0
345 691 3.0
346 654 7.0
346 590 5.0
346 679 3.0
346 817 4.0
346 598 3.0
346 1353 3.0
346 366 4.0
346 1189 7.0
346 1346 12.0
346 1749 6.0
346 1644 8.0
349 391 3.0
349 655 5.0
349 511 3.0
350 376 4.0
350 365 3.0
350 592 4.0
350 626 16.0
350 617 16.0
350 802 4.0
350 605 3.0
350 872 3.0
350 1168 3.0
350 1551 4.0
351 658 4.0
352 840 6.0
352 555 3.0
352 1358 5.0
352 503 6.0
353 793 9.0
353 1187 3.0
353 950 25.0
353 372 18.0
353 392 6.0
353 1283 3.0
353 1113 6.0
353 482 5.0
353 725 3.0
353 504 5.0
353 1717 3.0
354 1373 4.0
354 398 16.0
356 711 6.0
356 543 8.0
356 792 4.0
356 474 3.0
356 1281 6.0
356 1501 4.0
356 1598 3.0
357 358 4.0
357 396 3.0
357 409 20.0
357 502 11.0
357 598 3.0
357 758 16.0
357 818 4.0
357 708 4.0
357 859 5.0
357 626 4.0
357 1068 3.0
357 986 13.0
357 1118 9.0
357 1041 3.0
357 1181 4.0
357 474 7.0
357 1253 13.0
357 792 7.0
357 525 12.0
357 638 4.0
357 1169 6.0
357 1178 5.0
357 1387 5.0
357 1403 8.0
357 1603 3.0
357 1644 8.0
357 1362 3.0
357 1624 9.0
357 1554 26.0
357 973 4.0
357 809 5.0
358 479 3.0
358 847 7.0
358 991 4.0
358 1686 6.0
358 431 5.0
359 460 6.0
359 368 20.0
359 474 5.0
359 713 3.0
361 1436 3.0
361 864 3.0
361 1056 4.0
361 463 3.0
361 809 3.0
361 1402 4.0
361 389 4.0
362 783 3.0
363 454 10.0
363 475 7.0
363 713 8.0
364 532 11.0
364 509 15.0
364 771 6.0
364 815 9.0
364 993 4.0
365 399 4.0
365 400 5.0
365 540 9.0
365 448 3.0
366 1349 8.0
367 368 3.0
367 642 4.0
367 479 5.0
367 1248 6.0
367 1184 7.0
367 1624 3.0
367 1540 5.0
367 1346 7.0
368 372 5.0
368 394 3.0
368 398 8.0
368 475 3.0
368 460 3.0
368 483 21.0
368 539 3.0
368 542 4.0
368 594 9.0
368 371 3.0
368 482 5.0
368 454 4.0
368 404 3.0
368 514 7.0
368 388 3.0
368 401 5.0
368 648 4.0
368 605 11.0
368 992 6.0
368 966 3.0
368 549 4.0
368 1236 6.0
370 713 3.0
371 636 4.0
371 400 3.0
371 551 4.0
371 590 4.0
372 375 6.0
372 376 4.0
372 389 11.0
372 407 13.0
372 392 8.0
372 429 15.0
372 460 10.0
372 466 5.0
372 484 8.0
372 482 21.0
372 431 4.0
372 508 7.0
372 495 16.0
372 538 4.0
372 437 19.0
372 489 6.0
372 391 5.0
372 569 72.0
372 527 7.0
372 673 6.0
372 679 5.0
372 713 12.0
372 454 15.0
372 753 5.0
372 639 13.0
372 536 30.0
372 758 9.0
372 766 39.0
372 761 8.0
372 799 6.0
372 765 19.0
372 621 3.0
372 823 6.0
372 835 6.0
372 605 5.0
372 831 11.0
372 396 13.0
372 969 12.0
372 686 3.0
372 988 7.0
372 513 8.0
372 1005 3.0
372 595 13.0
372 1111 4.0
372 393 13.0
372 638 3.0
372 1189 11.0
372 1050 3.0
372 473 8.0
372 1209 3.0
372 919 9.0
372 928 13.0
372 1214 5.0
372 1117 3.0
372 1283 4.0
372 938 7.0
372 864 4.0
372 1358 14.0
372 1236 8.0
372 1359 3.0
372 1402 24.0
372 1354 3.0
372 1412 6.0
372 1018 3.0
372 1381 9.0
372 592 10.0
372 843 6.0
372 792 4.0
372 1540 6.0
372 1624 4.0
372 1343 3.0
372 1580 8.0
373 992 6.0
373 638 3.0
375 603 5.0
375 496 3.0
375 912 17.0
375 1189 3.0
375 884 3.0
376 481 4.0
376 687 3.0
376 811 3.0
376 1136 3.0
376 824 3.0
377 755 13.0
377 475 3.0
377 1060 3.0
377 415 5.0
377 1117 4.0
377 704 3.0
377 942 4.0
378 396 59.0
378 398 9.0
378 425 7.0
378 481 5.0
378 644 16.0
378 407 4.0
378 498 14.0
378 586 20.0
378 1713 4.0
378 812 4.0
379 432 4.0
379 683 3.0
379 995 9.0
379 542 5.0
379 1433 3.0
384 1748 3.0
385 638 5.0
386 387 8.0
386 399 3.0
386 609 3.0
386 514 3.0
386 422 11.0
388 513 20.0
388 555 4.0
388 514 7.0
388 596 6.0
388 636 3.0
388 590 3.0
388 681 16.0
388 761 6.0
388 835 4.0
388 408 5.0
388 439 3.0
388 627 11.0
388 1019 6.0
388 639 7.0
388 638 6.0
388 405 5.0
389 467 3.0
389 494 22.0
389 482 19.0
389 509 17.0
389 586 3.0
389 542 19.0
389 422 14.0
389 727 4.0
389 619 3.0
389 640 8.0
389 830 46.0
389 498 8.0
389 652 7.0
389 1042 3.0
389 1059 5.0
389 1281 5.0
389 609 6.0
389 573 5.0
389 1472 6.0
389 950 13.0
389 1576 4.0
389 1285 3.0
390 1332 3.0
391 422 3.0
391 609 5.0
391 555 6.0
391 400 4.0
391 667 4.0
391 1154 3.0
392 400 13.0
392 466 5.0
392 502 7.0
392 514 5.0
392 475 10.0
392 448 5.0
392 998 3.0
392 1315 10.0
392 871 11.0
392 1236 3.0
392 1383 10.0
392 1295 12.0
393 394 5.0
393 431 7.0
393 834 12.0
393 679 31.0
393 498 7.0
393 800 6.0
393 462 25.0
393 1190 25.0
393 1111 4.0
393 738 6.0
393 573 4.0
393 1686 3.0
393 1346 3.0
393 1285 6.0
394 422 8.0
394 456 6.0
394 676 3.0
394 586 4.0
394 1004 3.0
394 1190 31.0
394 576 4.0
394 652 7.0
394 1568 3.0
395 447 4.0
396 400 41.0
396 425 4.0
396 407 4.0
396 539 3.0
396 481 17.0
396 770 4.0
396 679 22.0
396 1113 3.0
396 586 11.0
398 405 23.0
398 463 4.0
398 465 38.0
398 502 7.0
398 782 3.0
398 1013 29.0
398 771 9.0
398 546 3.0
398 1136 9.0
398 758 3.0
398 1291 19.0
398 1215 9.0
398 1260 8.0
398 679 39.0
398 701 3.0
398 1359 3.0
398 483 3.0
398 1598 13.0
398 447 20.0
398 1397 7.0
398 1624 166.0
398 1644 16.0
398 1676 5.0
398 1781 26.0
398 1836 16.0
398 1730 9.0
398 828 4.0
400 429 12.0
400 428 10.0
400 443 3.0
400 445 4.0
400 454 4.0
400 504 11.0
400 502 10.0
400 617 13.0
400 683 18.0
400 638 4.0
400 513 3.0
400 598 16.0
400 474 24.0
400 659 3.0
400 713 5.0
400 721 9.0
400 605 4.0
400 607 6.0
400 783 6.0
400 776 4.0
400 639 4.0
400 626 5.0
400 712 7.0
400 596 6.0
400 676 5.0
400 592 4.0
400 853 3.0
400 517 5.0
400 799 7.0
400 895 3.0
400 673 3.0
400 852 5.0
400 819 3.0
400 734 3.0
400 601 9.0
400 495 8.0
400 823 5.0
400 543 4.0
400 402 9.0
400 463 6.0
400 700 4.0
400 859 8.0
400 447 5.0
400 973 6.0
400 1555 4.0
400 1416 4.0
400 475 4.0
400 1681 4.0
400 1255 4.0
400 1343 4.0
401 639 8.0
401 776 3.0
402 586 3.0
402 590 6.0
402 632 3.0
402 448 3.0
402 431 5.0
402 762 4.0
402 681 10.0
403 617 3.0
404 679 17.0
405 497 7.0
405 777 9.0
405 950 8.0
407 431 4.0
407 461 3.0
407 425 6.0
408 781 3.0
409 413 4.0
409 542 3.0
409 687 6.0
409 1713 3.0
413 683 56.0
413 605 14.0
413 654 3.0
413 659 4.0
413 479 14.0
415 997 32.0
415 840 4.0
415 1121 5.0
415 475 3.0
415 841 3.0
415 1737 5.0
415 1343 26.0
415 673 5.0
418 580 3.0
418 1000 3.0
418 543 3.0
419 990 3.0
421 1395 3.0
421 1436 4.0
422 536 6.0
422 449 3.0
422 697 5.0
422 673 5.0
422 1060 7.0
422 615 10.0
422 800 3.0
422 1041 5.0
422 1281 5.0
423 598 8.0
423 536 6.0
423 815 5.0
423 1255 6.0
423 938 4.0
423 1665 4.0
424 495 4.0
425 765 28.0
425 1103 9.0
429 494 6.0
429 481 3.0
429 950 15.0
429 1189 5.0
429 1669 3.0
429 431 5.0
429 1167 7.0
429 1700 8.0
430 857 3.0
431 454 3.0
431 727 8.0
431 617 57.0
431 538 3.0
431 697 6.0
431 605 88.0
431 627 3.0
431 859 5.0
431 1402 10.0
431 1215 10.0
431 544 12.0
431 1431 6.0
431 1295 8.0
431 1346 11.0
431 561 80.0
431 1644 11.0
431 1624 15.0
431 1579 7.0
431 1132 3.0
431 1231 3.0
431 1316 3.0
431 1762 4.0
431 483 20.0
431 1771 3.0
431 969 6.0
431 1312 11.0
431 1255 7.0
431 1190 5.0
431 1748 8.0
431 1395 3.0
431 1724 18.0
431 1796 3.0
431 983 4.0
431 1831 3.0
437 487 3.0
437 631 4.0
437 625 21.0
437 770 3.0
437 1033 23.0
437 1113 15.0
437 1158 3.0
437 546 3.0
437 1539 5.0
438 878 5.0
438 714 4.0
438 792 3.0
438 687 4.0
438 1319 3.0
439 440 3.0
439 636 3.0
439 590 4.0
439 795 4.0
439 540 6.0
439 1019 9.0
439 638 3.0
439 514 7.0
439 952 4.0
440 513 4.0
440 588 11.0
440 590 7.0
440 555 4.0
440 681 5.0
440 1131 6.0
440 1097 5.0
440 1384 8.0
440 1540 3.0
441 442 3.0
442 1184 5.0
443 1409 3.0
443 1543 5.0
443 520 3.0
447 1037 4.0
447 733 3.0
447 1667 11.0
447 1866 38.0
448 823 4.0
448 973 6.0
448 971 8.0
448 454 10.0
448 831 19.0
448 712 5.0
448 561 13.0
448 569 5.0
448 809 5.0
448 835 5.0
448 817 7.0
448 513 7.0
448 986 7.0
448 840 7.0
449 456 5.0
449 498 4.0
449 1127 3.0
449 1520 4.0
451 1520 3.0
453 516 3.0
454 496 3.0
454 509 45.0
454 546 13.0
454 539 4.0
454 482 4.0
454 733 12.0
454 770 23.0
454 830 35.0
454 797 3.0
454 942 19.0
454 950 15.0
454 940 5.0
454 992 6.0
454 777 4.0
454 1043 154.0
454 1036 6.0
454 1127 5.0
454 1369 4.0
454 1236 7.0
454 1185 4.0
454 725 8.0
454 1340 10.0
454 1326 4.0
454 1269 4.0
454 1189 4.0
454 1668 12.0
454 1669 5.0
456 465 15.0
456 527 3.0
456 501 6.0
456 553 5.0
456 551 8.0
456 654 9.0
456 1246 3.0
456 1624 30.0
456 1132 9.0
456 1789 3.0
456 1542 11.0
456 1644 5.0
460 608 4.0
460 586 6.0
460 542 25.0
460 934 14.0
460 546 8.0
460 1023 3.0
460 714 5.0
462 638 16.0
462 617 22.0
462 713 19.0
462 675 18.0
462 605 23.0
462 913 10.0
462 1034 23.0
462 1255 22.0
462 1281 17.0
462 1638 3.0
463 469 33.0
463 532 6.0
463 687 18.0
463 1009 3.0
463 1010 4.0
463 1004 6.0
463 1185 4.0
463 609 16.0
463 770 4.0
463 871 5.0
463 1033 3.0
463 482 3.0
465 679 6.0
468 475 15.0
468 594 8.0
468 502 6.0
468 830 4.0
468 1647 4.0
468 1585 3.0
469 806 4.0
469 598 3.0
469 1781 4.0
469 503 4.0
469 1181 7.0
469 1629 4.0
470 621 14.0
470 1509 3.0
473 708 3.0
473 771 3.0
473 620 4.0
473 687 3.0
473 1189 6.0
474 479 5.0
474 741 7.0
474 642 7.0
474 679 86.0
474 646 4.0
474 834 35.0
474 640 3.0
474 749 13.0
474 1310 5.0
474 1349 11.0
474 1339 35.0
474 1644 4.0
474 1158 5.0
474 1285 5.0
474 1756 3.0
474 1786 7.0
474 1624 4.0
474 1792 3.0
475 496 7.0
475 594 4.0
475 502 3.0
475 678 4.0
475 733 21.0
475 697 17.0
475 770 3.0
475 821 7.0
475 546 4.0
475 1036 3.0
475 841 6.0
475 1066 3.0
475 1167 3.0
475 1189 11.0
475 1105 50.0
475 1283 3.0
475 1281 5.0
475 598 6.0
475 1556 5.0
475 704 3.0
475 1543 6.0
475 1741 8.0
477 526 7.0
477 1271 6.0
477 1329 4.0
479 481 4.0
479 639 8.0
479 642 3.0
479 687 5.0
479 758 6.0
479 711 27.0
479 638 4.0
479 788 4.0
479 713 4.0
479 605 4.0
479 1033 4.0
479 1338 7.0
479 1018 5.0
479 1236 11.0
479 683 11.0
479 1184 34.0
481 517 4.0
481 586 17.0
481 638 5.0
481 639 3.0
481 687 8.0
481 701 6.0
481 992 3.0
481 783 9.0
481 975 5.0
481 679 6.0
481 1402 3.0
481 1236 3.0
481 838 5.0
482 638 9.0
482 598 4.0
482 713 6.0
482 761 12.0
482 766 8.0
482 823 5.0
482 555 3.0
482 901 5.0
482 928 3.0
482 809 5.0
482 1005 3.0
482 1189 32.0
482 1217 7.0
482 1489 16.0
482 1665 3.0
482 1647 7.0
483 583 4.0
483 782 8.0
483 768 8.0
483 679 13.0
483 1189 12.0
483 1224 5.0
483 821 48.0
483 1167 5.0
483 1313 6.0
483 1756 12.0
483 1543 7.0
484 706 6.0
484 770 16.0
484 913 4.0
487 658 3.0
487 697 3.0
487 598 12.0
487 1236 4.0
487 1281 4.0
488 598 3.0
492 774 6.0
492 712 11.0
492 835 20.0
492 817 4.0
492 1565 4.0
492 1181 5.0
492 1644 4.0
492 686 5.0
492 536 4.0
494 1647 4.0
494 1436 9.0
494 1860 3.0
495 498 114.0
495 540 13.0
495 585 9.0
495 831 6.0
495 871 4.0
495 1000 6.0
495 1050 5.0
495 560 3.0
495 884 12.0
495 1049 5.0
495 542 14.0
495 1113 31.0
495 546 6.0
495 815 3.0
495 586 3.0
495 1185 4.0
495 1066 3.0
495 950 20.0
495 1043 13.0
495 1367 10.0
495 1433 10.0
495 1213 8.0
495 933 5.0
495 741 14.0
495 1332 6.0
495 1713 15.0
495 1406 20.0
496 658 4.0
496 523 3.0
496 588 5.0
497 1280 3.0
498 649 3.0
498 815 7.0
498 831 12.0
498 823 52.0
498 686 14.0
498 881 7.0
498 869 5.0
498 1068 3.0
498 1158 3.0
498 654 7.0
498 639 8.0
498 626 4.0
498 638 3.0
498 864 4.0
498 1072 3.0
498 1215 3.0
501 768 7.0
502 567 3.0
502 555 4.0
502 733 5.0
502 752 10.0
502 871 4.0
502 1018 3.0
502 1049 6.0
502 1174 3.0
502 1233 3.0
502 1189 31.0
502 1213 3.0
502 1438 18.0
502 1416 4.0
502 778 5.0
502 704 3.0
502 970 3.0
502 1397 3.0
503 1316 8.0
503 527 3.0
503 1756 77.0
503 1562 3.0
504 704 3.0
504 586 6.0
504 771 4.0
504 679 4.0
504 542 6.0
504 1339 4.0
504 1740 4.0
507 1317 6.0
507 1313 37.0
509 536 4.0
509 616 8.0
509 513 5.0
509 639 5.0
509 707 3.0
509 592 3.0
509 758 10.0
509 583 4.0
509 595 3.0
509 713 3.0
509 1413 4.0
509 893 5.0
509 1026 21.0
509 799 3.0
509 1665 3.0
509 783 3.0
509 1255 8.0
509 1839 6.0
511 638 4.0
513 514 4.0
513 542 4.0
513 627 4.0
513 649 4.0
513 590 7.0
513 589 3.0
513 762 6.0
513 798 3.0
513 834 3.0
513 681 4.0
513 555 6.0
513 586 12.0
513 652 5.0
513 785 3.0
513 990 11.0
513 1101 5.0
513 1283 3.0
514 626 8.0
514 555 3.0
514 590 7.0
514 649 3.0
514 654 3.0
514 617 14.0
514 799 6.0
514 835 3.0
514 853 5.0
516 1445 3.0
517 950 3.0
517 586 3.0
517 709 4.0
517 714 5.0
518 1488 33.0
518 735 3.0
518 1540 3.0
518 1346 12.0
518 1436 5.0
520 638 5.0
520 1168 5.0
520 1624 4.0
523 791 5.0
523 724 12.0
523 549 4.0
523 990 3.0
523 1093 6.0
523 598 3.0
523 1032 5.0
523 870 3.0
523 1189 4.0
523 706 4.0
523 1662 3.0
523 609 8.0
523 1269 4.0
523 1332 3.0
523 812 3.0
525 865 3.0
525 1246 10.0
525 1623 3.0
525 1543 8.0
525 1713 45.0
525 557 17.0
525 547 12.0
525 1756 7.0
525 1811 11.0
527 1042 5.0
527 923 4.0
532 536 50.0
532 546 3.0
532 765 3.0
532 882 3.0
532 1236 6.0
534 625 11.0
535 594 5.0
536 539 5.0
536 733 3.0
536 782 3.0
536 765 4.0
536 921 14.0
536 927 8.0
536 940 14.0
536 915 7.0
536 884 125.0
536 1113 11.0
536 1127 9.0
536 1189 10.0
536 615 4.0
536 1240 3.0
536 1224 9.0
536 994 4.0
536 993 7.0
536 1317 3.0
536 933 6.0
536 1713 12.0
536 1836 10.0
536 1543 8.0
537 777 6.0
537 1522 5.0
537 1270 3.0
537 1228 5.0
537 878 3.0
538 540 16.0
538 586 3.0
538 567 4.0
538 781 3.0
538 546 6.0
539 765 4.0
539 840 3.0
540 588 4.0
540 739 3.0
540 638 5.0
540 1104 6.0
540 754 3.0
540 667 5.0
540 1349 3.0
540 1542 3.0
540 1142 4.0
540 615 3.0
542 543 11.0
542 546 7.0
542 548 10.0
542 596 3.0
542 598 32.0
542 567 6.0
542 607 3.0
542 638 3.0
542 686 6.0
542 741 6.0
542 783 13.0
542 788 6.0
542 713 4.0
542 621 3.0
542 753 3.0
542 840 3.0
542 1033 5.0
542 697 5.0
542 1103 3.0
542 1072 14.0
542 549 3.0
542 1069 9.0
542 1070 3.0
542 1158 5.0
542 1216 4.0
542 760 3.0
542 1594 3.0
543 1189 3.0
544 546 8.0
544 1236 13.0
544 923 4.0
544 1269 7.0
544 797 9.0
544 1113 11.0
544 1285 13.0
544 1413 5.0
544 1647 3.0
545 713 3.0
545 1328 5.0
546 853 3.0
546 598 8.0
546 823 8.0
546 809 3.0
546 1041 6.0
546 1005 4.0
546 1189 15.0
546 638 4.0
546 1489 8.0
546 713 5.0
546 1644 4.0
547 644 4.0
547 711 33.0
547 725 5.0
547 1169 23.0
547 1174 3.0
547 1018 5.0
547 859 3.0
547 1246 22.0
547 1260 3.0
547 1280 8.0
547 1434 3.0
547 1127 5.0
547 712 3.0
548 913 3.0
549 638 3.0
549 794 5.0
549 830 6.0
549 969 10.0
549 1236 3.0
549 1598 4.0
549 967 9.0
549 823 4.0
551 673 10.0
551 590 3.0
552 986 3.0
552 1413 8.0
555 562 4.0
555 590 7.0
555 626 3.0
555 676 4.0
555 641 3.0
555 840 3.0
555 1019 3.0
555 992 3.0
555 1281 13.0
555 1236 5.0
557 583 14.0
557 679 10.0
557 708 15.0
557 605 14.0
557 926 16.0
557 969 23.0
557 561 45.0
557 1231 13.0
557 1036 4.0
557 792 6.0
557 843 30.0
557 1260 4.0
557 1387 4.0
557 1346 9.0
557 1644 5.0
557 1624 26.0
560 638 4.0
560 1072 12.0
560 1118 5.0
560 598 11.0
560 600 3.0
560 908 4.0
560 809 3.0
560 1402 8.0
560 1280 3.0
561 727 15.0
561 1177 3.0
561 1310 13.0
561 1283 6.0
561 1713 36.0
561 1669 5.0
561 847 4.0
561 1543 32.0
561 1750 33.0
562 762 5.0
562 681 5.0
567 595 8.0
567 602 5.0
567 753 3.0
567 713 3.0
567 823 5.0
568 765 3.0
569 606 6.0
569 944 3.0
569 1189 3.0
569 800 8.0
569 1181 5.0
569 1337 3.0
569 1313 19.0
569 1510 6.0
569 1522 14.0
569 1679 13.0
570 1065 4.0
573 809 3.0
573 840 10.0
573 928 7.0
573 1436 5.0
573 1665 18.0
574 652 9.0
575 843 4.0
576 1167 3.0
576 1113 3.0
576 1038 4.0
576 1339 40.0
576 1033 15.0
576 640 6.0
576 792 4.0
576 1189 10.0
581 779 6.0
582 598 6.0
582 626 7.0
582 1616 5.0
582 1675 4.0
582 1436 12.0
582 1343 4.0
583 739 4.0
583 754 5.0
583 821 5.0
585 652 5.0
586 616 6.0
586 673 3.0
586 687 11.0
586 774 3.0
586 768 5.0
586 713 3.0
586 952 3.0
586 654 11.0
586 840 5.0
586 978 4.0
586 626 13.0
586 783 7.0
586 1029 4.0
586 1065 3.0
586 1136 4.0
586 1253 5.0
586 1316 5.0
586 1097 7.0
586 639 4.0
588 681 3.0
588 846 3.0
588 1019 5.0
590 626 16.0
590 641 3.0
590 681 9.0
590 835 14.0
590 840 4.0
590 975 3.0
590 964 3.0
590 639 3.0
590 753 4.0
590 596 3.0
590 638 3.0
591 711 3.0
592 622 3.0
592 1373 5.0
592 1543 3.0
593 621 10.0
593 768 7.0
593 1619 4.0
594 765 4.0
594 752 3.0
595 624 3.0
595 659 4.0
595 1037 6.0
595 1189 15.0
595 871 3.0
595 1526 3.0
595 1101 6.0
596 605 11.0
596 1004 6.0
596 1179 7.0
596 1153 17.0
596 654 3.0
596 782 3.0
596 1290 3.0
596 994 9.0
598 652 19.0
598 644 5.0
598 687 5.0
598 830 3.0
598 794 6.0
598 834 5.0
598 878 11.0
598 1071 7.0
598 980 4.0
598 1070 12.0
598 1189 7.0
598 1216 5.0
598 704 3.0
598 1118 5.0
598 1033 5.0
598 1379 6.0
598 1262 3.0
598 870 3.0
598 1093 4.0
598 649 3.0
598 1474 5.0
598 1562 3.0
599 770 21.0
599 998 5.0
599 1381 27.0
600 667 4.0
600 847 4.0
601 1517 3.0
603 814 39.0
605 617 6.0
605 644 3.0
605 734 43.0
605 704 94.0
605 681 4.0
605 770 8.0
605 881 9.0
605 830 37.0
605 1023 6.0
605 700 4.0
605 1290 3.0
605 1184 8.0
605 1406 4.0
605 1339 6.0
605 1601 11.0
605 1667 6.0
605 1713 3.0
605 1698 4.0
606 1510 10.0
606 1502 5.0
607 609 8.0
607 728 7.0
609 840 5.0
609 836 4.0
609 783 3.0
609 971 3.0
609 784 3.0
609 815 28.0
609 964 3.0
609 1373 3.0
610 710 3.0
615 616 4.0
615 740 5.0
615 765 3.0
615 713 3.0
615 1042 17.0
615 1117 3.0
615 706 3.0
615 823 20.0
615 1256 3.0
615 1213 3.0
615 1026 21.0
615 1072 4.0
615 840 3.0
615 1236 17.0
615 1190 8.0
615 1241 7.0
615 1181 3.0
615 1425 3.0
615 1668 4.0
616 687 3.0
616 962 3.0
617 640 37.0
617 728 15.0
617 644 16.0
617 704 64.0
617 681 36.0
617 770 16.0
617 734 50.0
617 966 10.0
617 970 10.0
617 1332 3.0
617 1667 12.0
617 1285 4.0
617 1713 25.0
617 1543 3.0
619 986 3.0
619 654 5.0
620 654 4.0
620 1565 4.0
620 967 5.0
620 679 5.0
620 1644 4.0
620 1487 8.0
620 1181 13.0
620 874 7.0
620 1792 3.0
620 818 3.0
621 772 3.0
621 774 3.0
621 819 3.0
621 768 13.0
621 719 13.0
621 834 4.0
621 686 14.0
621 830 7.0
621 924 3.0
621 958 7.0
621 1647 19.0
625 631 7.0
625 662 19.0
626 632 5.0
626 636 3.0
626 649 18.0
626 689 10.0
626 644 7.0
626 681 12.0
626 733 18.0
626 738 13.0
626 758 5.0
626 762 4.0
626 795 4.0
626 834 28.0
626 1052 4.0
626 1189 33.0
626 810 15.0
626 1269 4.0
626 1523 3.0
627 762 5.0
627 779 4.0
629 713 5.0
632 654 8.0
634 988 3.0
634 1796 3.0
635 719 4.0
635 725 10.0
635 1433 5.0
637 638 3.0
638 640 12.0
638 643 17.0
638 646 18.0
638 651 3.0
638 687 4.0
638 726 9.0
638 744 3.0
638 697 11.0
638 758 10.0
638 719 4.0
638 753 10.0
638 870 5.0
638 830 7.0
638 939 6.0
638 940 5.0
638 913 3.0
638 964 6.0
638 996 4.0
638 1042 6.0
638 1080 4.0
638 779 3.0
638 881 4.0
638 1049 6.0
638 1093 4.0
638 950 11.0
638 1045 3.0
638 1124 3.0
638 1113 3.0
638 1186 4.0
638 725 9.0
638 1066 3.0
638 1300 5.0
638 1285 3.0
638 1236 12.0
638 1370 4.0
638 1326 10.0
638 797 4.0
639 687 6.0
639 1004 3.0
639 994 10.0
639 740 3.0
639 980 8.0
639 1033 9.0
639 1438 9.0
639 878 3.0
639 1433 7.0
639 993 5.0
640 686 3.0
640 697 5.0
640 783 6.0
640 712 17.0
640 701 15.0
640 687 4.0
640 1118 10.0
640 1253 6.0
640 1402 4.0
642 758 12.0
642 721 3.0
642 774 9.0
642 673 3.0
642 781 6.0
642 652 14.0
642 711 25.0
642 1338 10.0
642 753 5.0
642 1402 3.0
642 1346 3.0
642 697 8.0
643 758 3.0
643 1365 10.0
644 711 15.0
644 654 5.0
644 753 3.0
644 712 5.0
644 659 3.0
644 719 4.0
644 899 4.0
644 1279 3.0
644 1281 3.0
644 1253 9.0
644 919 3.0
644 1295 10.0
644 1184 8.0
644 1402 3.0
644 1420 3.0
644 1648 3.0
644 1244 3.0
645 697 4.0
645 1260 3.0
646 673 5.0
646 683 5.0
646 753 14.0
646 758 19.0
648 649 4.0
649 723 3.0
651 765 6.0
652 654 19.0
652 831 7.0
652 986 5.0
652 928 3.0
652 954 15.0
652 822 10.0
652 753 6.0
652 1317 8.0
652 1629 3.0
652 1130 4.0
652 1565 16.0
652 1624 3.0
652 1644 4.0
654 738 6.0
654 733 5.0
654 679 5.0
654 915 5.0
654 1045 4.0
654 810 17.0
654 1248 4.0
654 1173 10.0
654 1283 6.0
658 667 5.0
658 884 7.0
658 990 4.0
658 1110 4.0
659 660 7.0
659 944 6.0
666 713 3.0
667 686 8.0
667 840 3.0
667 1435 3.0
667 1598 3.0
673 1113 3.0
673 1253 6.0
674 1068 3.0
674 1253 5.0
674 1724 3.0
674 1865 5.0
674 1079 5.0
678 1302 6.0
679 787 3.0
679 792 14.0
679 841 6.0
679 851 14.0
679 768 4.0
679 903 5.0
679 949 14.0
679 962 3.0
679 817 3.0
679 986 4.0
679 720 13.0
679 954 4.0
679 1178 4.0
679 1174 10.0
679 1281 40.0
679 1310 3.0
679 1176 4.0
679 919 3.0
679 1642 14.0
679 1773 3.0
681 713 3.0
681 758 31.0
681 788 15.0
681 988 4.0
681 1118 24.0
681 1402 4.0
681 1338 10.0
681 1042 5.0
681 1789 4.0
681 1839 7.0
683 758 12.0
683 1189 3.0
683 1281 14.0
683 824 4.0
686 719 3.0
686 782 3.0
686 770 3.0
686 873 3.0
686 924 4.0
686 1000 3.0
686 950 5.0
686 1168 5.0
686 768 5.0
686 1270 5.0
686 1676 16.0
687 757 6.0
687 783 3.0
687 950 4.0
687 1004 8.0
687 1054 5.0
687 1056 25.0
687 1069 3.0
687 1097 7.0
687 1185 3.0
696 713 6.0
697 741 12.0
697 966 21.0
697 725 3.0
697 1070 4.0
697 1076 4.0
697 1034 11.0
697 1023 8.0
697 719 12.0
697 870 3.0
697 1018 3.0
697 779 8.0
697 912 8.0
697 782 8.0
697 923 5.0
697 1713 7.0
697 1052 4.0
697 1543 6.0
697 1783 4.0
697 808 3.0
697 1517 3.0
697 1472 4.0
697 1852 4.0
697 1319 3.0
697 1864 3.0
699 1283 3.0
699 1374 5.0
699 959 4.0
700 704 3.0
700 822 4.0
701 858 5.0
701 1000 4.0
701 915 10.0
701 1093 3.0
701 1034 11.0
701 1051 3.0
701 1281 3.0
701 997 6.0
701 1185 4.0
701 1579 3.0
704 712 5.0
704 788 3.0
704 822 12.0
704 768 6.0
704 919 3.0
704 958 33.0
704 978 3.0
704 1131 3.0
704 1181 5.0
704 1183 3.0
704 1209 24.0
704 1247 3.0
704 1231 36.0
704 1214 4.0
704 1295 3.0
704 1298 6.0
704 1302 4.0
704 799 12.0
704 1395 5.0
704 1297 4.0
704 1403 4.0
704 1580 6.0
704 734 11.0
704 1603 4.0
705 710 3.0
705 712 3.0
706 713 4.0
706 1219 6.0
706 1256 5.0
706 800 5.0
706 740 6.0
706 1236 21.0
706 1241 3.0
706 840 5.0
707 1031 3.0
708 733 3.0
708 719 5.0
708 834 12.0
708 770 7.0
708 940 6.0
708 1075 4.0
708 1052 4.0
708 812 10.0
708 1713 4.0
708 1500 4.0
708 1285 3.0
710 1373 4.0
710 1283 4.0
710 1382 5.0
710 1598 3.0
710 1270 4.0
710 1113 7.0
710 970 3.0
710 1686 3.0
710 1517 4.0
710 1281 3.0
711 873 6.0
711 1034 24.0
711 1356 6.0
711 1339 12.0
711 1184 14.0
711 1373 3.0
711 1556 6.0
711 1623 11.0
711 1327 3.0
711 1678 3.0
711 1601 6.0
712 713 10.0
712 719 7.0
712 758 8.0
712 753 6.0
712 834 6.0
712 1042 20.0
712 1398 4.0
712 1619 3.0
713 714 15.0
713 716 12.0
713 738 6.0
713 740 3.0
713 749 8.0
713 727 4.0
713 842 9.0
713 940 3.0
713 762 5.0
713 998 5.0
713 1043 9.0
713 884 18.0
713 950 8.0
713 999 4.0
713 1018 3.0
713 733 4.0
713 1036 11.0
713 1158 20.0
713 1101 9.0
713 781 7.0
713 1042 5.0
713 1165 6.0
713 1185 5.0
713 1189 6.0
713 878 8.0
713 1059 26.0
713 1241 6.0
713 779 3.0
713 1127 3.0
713 1373 7.0
713 1441 6.0
713 912 6.0
713 1326 8.0
713 1661 3.0
713 1756 5.0
713 1167 5.0
714 840 3.0
714 928 11.0
714 1189 4.0
714 1214 3.0
714 843 3.0
714 1255 6.0
714 1400 4.0
714 1540 4.0
714 1493 3.0
714 1587 6.0
714 1647 4.0
716 840 3.0
716 1520 5.0
719 725 5.0
719 753 18.0
719 913 5.0
719 802 11.0
719 1136 4.0
719 1236 6.0
719 1260 23.0
719 1246 5.0
719 1036 5.0
719 1624 5.0
719 1648 10.0
719 1346 7.0
719 1655 3.0
719 1771 3.0
719 1868 3.0
720 787 7.0
721 782 6.0
721 923 3.0
721 777 5.0
721 781 5.0
724 1647 13.0
725 928 15.0
725 840 6.0
725 952 4.0
725 1132 11.0
725 1217 9.0
725 1260 47.0
725 835 23.0
725 1280 27.0
725 986 8.0
725 859 3.0
725 1434 7.0
725 1127 3.0
725 1624 12.0
726 1236 6.0
727 822 7.0
727 1280 6.0
728 758 11.0
728 788 10.0
728 1573 3.0
731 824 6.0
732 928 3.0
733 783 14.0
733 1231 34.0
733 1255 3.0
733 1376 3.0
733 1302 4.0
733 1402 5.0
733 1338 3.0
733 840 3.0
733 1142 6.0
733 1423 4.0
733 1608 3.0
734 1023 3.0
734 1667 7.0
735 790 3.0
735 1168 3.0
735 810 9.0
735 1575 13.0
738 1190 5.0
739 781 3.0
739 1136 10.0
739 969 4.0
740 800 7.0
740 1375 3.0
741 758 38.0
741 928 3.0
741 1255 6.0
741 1655 4.0
747 761 3.0
749 1383 5.0
749 1487 4.0
749 1647 7.0
749 1724 6.0
751 1578 4.0
751 822 6.0
752 1142 5.0
753 758 27.0
753 1100 3.0
753 984 8.0
753 986 3.0
753 834 14.0
753 1044 5.0
753 1283 8.0
753 1317 4.0
753 1271 4.0
753 1373 8.0
753 1433 11.0
754 903 3.0
755 1624 5.0
758 762 8.0
758 834 12.0
758 1044 3.0
758 1023 3.0
758 1619 4.0
760 975 3.0
762 1585 3.0
762 1496 4.0
762 1497 4.0
765 830 22.0
765 871 12.0
765 933 5.0
765 1033 9.0
765 1089 6.0
766 800 7.0
768 774 5.0
768 801 13.0
768 819 4.0
768 924 12.0
768 770 4.0
768 1189 17.0
768 1253 10.0
768 1272 4.0
768 886 3.0
768 1598 4.0
768 1304 18.0
768 1616 3.0
768 1280 62.0
768 1700 5.0
770 928 3.0
770 840 4.0
770 841 3.0
770 1118 3.0
770 1196 5.0
770 1281 7.0
770 1384 7.0
770 1402 10.0
770 1021 5.0
770 802 4.0
771 988 6.0
771 969 3.0
771 783 3.0
774 824 9.0
776 793 3.0
777 795 3.0
777 843 3.0
777 840 3.0
777 1358 4.0
777 1598 3.0
777 1639 3.0
778 974 3.0
779 1181 12.0
779 969 6.0
779 809 4.0
779 1308 3.0
781 1038 3.0
781 1042 6.0
781 1253 3.0
781 1317 3.0
781 1281 4.0
781 1279 3.0
781 1314 6.0
781 1619 4.0
781 1136 7.0
783 871 11.0
783 933 21.0
783 998 7.0
783 1025 4.0
783 1004 16.0
783 1064 3.0
783 1113 5.0
783 1032 84.0
783 1186 4.0
783 1339 6.0
783 1381 16.0
783 793 3.0
783 1741 11.0
785 786 5.0
785 793 3.0
785 1724 6.0
787 1490 3.0
787 1252 4.0
787 1339 3.0
792 841 5.0
792 903 3.0
792 1297 4.0
792 1036 31.0
792 1413 14.0
792 1446 4.0
792 1006 13.0
792 1274 5.0
792 824 3.0
793 863 3.0
793 1131 3.0
793 1284 10.0
793 1236 5.0
794 928 3.0
794 1113 3.0
794 1401 6.0
795 809 4.0
799 994 5.0
799 1475 8.0
799 1608 10.0
799 1667 6.0
800 964 6.0
800 1256 10.0
800 1072 40.0
800 1384 5.0
800 1413 4.0
801 1246 7.0
802 1042 3.0
805 807 3.0
805 821 3.0
808 845 4.0
809 884 12.0
809 830 11.0
809 1262 3.0
809 1072 6.0
809 1406 9.0
809 1379 6.0
809 847 12.0
809 1713 16.0
809 1240 9.0
809 1562 4.0
809 1545 5.0
809 1167 22.0
810 1351 3.0
810 1402 9.0
810 1412 12.0
810 1540 6.0
810 1624 49.0
810 1365 10.0
812 1616 4.0
812 1644 6.0
814 913 8.0
814 823 15.0
814 1281 6.0
815 950 7.0
815 996 4.0
815 1113 9.0
815 1066 3.0
816 941 3.0
817 915 8.0
817 1248 5.0
817 1472 8.0
818 847 9.0
818 1542 5.0
818 1127 5.0
819 822 7.0
819 1642 3.0
821 1406 7.0
821 1647 3.0
822 1236 9.0
822 1189 12.0
822 1339 37.0
822 1642 8.0
823 824 6.0
823 915 11.0
823 950 35.0
823 1033 5.0
823 1113 20.0
823 1032 45.0
823 1185 20.0
823 1163 3.0
823 1268 5.0
823 1369 3.0
823 1397 3.0
824 1236 4.0
824 1496 3.0
826 925 5.0
830 840 3.0
830 924 4.0
830 913 6.0
830 871 3.0
831 871 3.0
831 980 4.0
831 981 5.0
831 1004 13.0
831 1031 8.0
831 939 3.0
831 1187 9.0
831 1049 3.0
831 994 3.0
831 934 3.0
831 1199 3.0
831 1270 6.0
831 1686 9.0
834 866 4.0
834 1068 21.0
834 1118 7.0
834 1196 15.0
834 1234 6.0
834 1246 6.0
834 1280 15.0
834 1365 6.0
835 986 3.0
835 1063 3.0
835 1189 45.0
835 1283 4.0
838 853 3.0
839 1619 3.0
840 950 5.0
840 1031 4.0
840 1032 11.0
840 1113 6.0
840 1189 4.0
840 1066 5.0
840 1167 5.0
840 1186 8.0
840 1185 6.0
840 1340 6.0
840 1241 5.0
840 1441 4.0
840 1328 3.0
840 1105 3.0
841 915 6.0
841 1006 6.0
843 1167 7.0
843 871 9.0
843 1237 46.0
843 1406 18.0
843 1195 4.0
843 1553 3.0
843 847 6.0
847 1521 4.0
847 1578 10.0
847 969 6.0
847 1675 11.0
847 1434 6.0
847 1488 6.0
847 1132 8.0
847 1491 3.0
847 1781 4.0
851 852 4.0
851 1014 5.0
852 1180 7.0
852 1356 5.0
852 966 4.0
852 1532 3.0
852 1611 4.0
852 1543 4.0
853 1034 4.0
853 881 3.0
856 1176 6.0
856 1117 10.0
856 1398 5.0
859 1287 3.0
859 1403 12.0
859 1373 3.0
859 1522 9.0
864 993 7.0
864 990 3.0
868 1876 10.0
868 1866 8.0
868 1079 6.0
868 1557 9.0
870 1312 7.0
871 969 7.0
871 942 4.0
871 1237 3.0
871 1302 3.0
871 1350 5.0
871 981 3.0
871 1138 5.0
871 1384 9.0
871 1412 3.0
871 1313 11.0
871 1211 4.0
871 1568 3.0
874 919 5.0
878 1069 5.0
878 1072 7.0
878 1189 13.0
878 1255 39.0
878 1540 3.0
878 1489 21.0
878 1637 3.0
878 1647 19.0
878 1426 3.0
878 1665 6.0
878 1548 3.0
881 999 3.0
881 1090 3.0
881 1249 5.0
882 921 3.0
883 1442 3.0
884 913 13.0
884 928 21.0
884 1097 8.0
893 993 3.0
893 912 3.0
898 1562 5.0
901 915 8.0
903 933 3.0
903 1294 3.0
908 1004 3.0
908 1354 3.0
912 1379 5.0
912 1520 5.0
913 950 13.0
913 949 4.0
915 928 7.0
919 942 3.0
919 1317 6.0
919 1598 3.0
919 1520 5.0
924 1158 13.0
926 992 3.0
928 965 7.0
928 999 4.0
928 1113 5.0
928 1406 3.0
928 1520 6.0
928 1562 5.0
932 1269 10.0
933 1214 12.0
933 1113 3.0
933 1565 4.0
934 1026 7.0
938 1323 9.0
938 1189 3.0
938 1265 3.0
939 975 5.0
939 1050 4.0
939 1021 3.0
939 1103 4.0
942 1422 3.0
942 1342 6.0
944 1236 4.0
949 969 3.0
949 1644 3.0
950 1026 7.0
950 1093 4.0
950 1132 5.0
950 1281 9.0
950 1346 10.0
950 1402 4.0
950 1284 5.0
952 1328 7.0
958 959 10.0
958 1539 4.0
963 1246 13.0
963 1105 3.0
963 967 3.0
963 1648 4.0
964 1332 6.0
966 1248 4.0
969 990 4.0
969 1189 4.0
969 1543 4.0
969 1401 3.0
969 1713 5.0
969 1113 3.0
969 1725 4.0
969 1667 4.0
969 1416 7.0
969 1756 14.0
969 1669 8.0
970 1641 16.0
970 1255 7.0
970 1748 8.0
971 974 10.0
975 1713 4.0
975 1543 3.0
978 979 4.0
981 1021 3.0
983 985 14.0
983 1325 14.0
983 1441 16.0
983 1272 5.0
983 1079 34.0
984 1236 7.0
984 1255 3.0
984 1231 15.0
986 991 29.0
990 1113 13.0
990 1142 11.0
990 1306 5.0
991 1004 3.0
991 1094 3.0
993 994 6.0
993 1358 3.0
993 1402 4.0
994 1402 5.0
994 1540 4.0
995 1644 15.0
997 1425 7.0
997 1413 5.0
997 1127 4.0
1000 1035 3.0
1000 1040 3.0
1000 1285 3.0
1004 1008 3.0
1004 1032 8.0
1004 1103 3.0
1004 1056 10.0
1005 1236 3.0
1009 1346 3.0
1013 1312 7.0
1013 1365 3.0
1013 1253 18.0
1014 1046 3.0
1014 1313 5.0
1015 1189 3.0
1018 1227 3.0
1018 1281 4.0
1018 1236 3.0
1018 1402 4.0
1018 1217 3.0
1018 1585 6.0
1019 1136 3.0
1021 1104 3.0
1021 1422 6.0
1021 1285 14.0
1021 1199 3.0
1021 1449 5.0
1021 1508 5.0
1021 1539 6.0
1023 1117 9.0
1023 1402 3.0
1026 1045 3.0
1026 1713 6.0
1026 1686 10.0
1029 1665 4.0
1029 1472 3.0
1029 1340 3.0
1029 1326 3.0
1029 1489 3.0
1029 1237 4.0
1029 1713 5.0
1029 1741 3.0
1032 1056 7.0
1032 1213 4.0
1032 1186 4.0
1033 1056 3.0
1033 1072 4.0
1033 1188 3.0
1033 1158 3.0
1033 1211 6.0
1033 1209 4.0
1033 1281 34.0
1033 1377 7.0
1033 1381 10.0
1033 1355 3.0
1033 1137 3.0
1033 1443 5.0
1033 1585 3.0
1034 1036 5.0
1034 1118 26.0
1034 1128 3.0
1034 1190 9.0
1034 1189 5.0
1034 1313 7.0
1036 1123 12.0
1036 1325 9.0
1036 1520 4.0
1038 1281 3.0
1038 1489 3.0
1039 1042 3.0
1039 1316 7.0
1039 1598 4.0
1039 1539 6.0
1039 1632 5.0
1039 1227 5.0
1042 1056 4.0
1042 1260 53.0
1042 1281 5.0
1042 1568 3.0
1042 1255 10.0
1042 1648 3.0
1042 1730 6.0
1042 1338 3.0
1042 1624 10.0
1043 1236 5.0
1043 1585 10.0
1044 1402 12.0
1052 1118 6.0
1052 1136 9.0
1052 1648 3.0
1052 1238 5.0
1052 1624 28.0
1052 1338 10.0
1052 1796 5.0
1052 1789 4.0
1052 1859 8.0
1052 1881 6.0
1056 1186 6.0
1056 1539 3.0
1058 1142 9.0
1060 1187 4.0
1066 1072 6.0
1068 1334 3.0
1068 1235 5.0
1068 1562 5.0
1068 1539 7.0
1069 1539 4.0
1069 1727 3.0
1072 1080 3.0
1072 1189 3.0
1072 1158 94.0
1072 1297 3.0
1072 1713 10.0
1074 1713 3.0
1075 1440 3.0
1075 1748 3.0
1075 1624 3.0
1076 1082 3.0
1078 1079 3.0
1079 1881 11.0
1079 1644 22.0
1079 1344 3.0
1079 1624 7.0
1083 1181 3.0
1083 1215 4.0
1083 1127 3.0
1083 1402 7.0
1087 1131 3.0
1087 1187 4.0
1089 1365 5.0
1089 1412 3.0
1091 1312 3.0
1093 1132 3.0
1093 1624 3.0
1097 1189 3.0
1097 1283 6.0
1097 1270 3.0
1100 1248 3.0
1100 1215 6.0
1101 1493 5.0
1103 1189 7.0
1103 1118 3.0
1105 1440 6.0
1110 1434 3.0
1111 1190 7.0
1113 1216 4.0
1113 1214 19.0
1113 1255 22.0
1113 1131 3.0
1113 1517 3.0
1113 1493 14.0
1113 1568 6.0
1113 1665 6.0
1113 1343 18.0
1113 1647 5.0
1113 1468 3.0
1113 1395 10.0
1113 1436 7.0
1117 1227 5.0
1117 1295 5.0
1117 1335 5.0
1117 1713 3.0
1118 1236 4.0
1118 1231 4.0
1118 1713 4.0
1118 1601 3.0
1123 1325 7.0
1126 1302 4.0
1127 1137 7.0
1127 1203 5.0
1127 1284 3.0
1127 1291 5.0
1127 1383 6.0
1127 1169 4.0
1127 1771 5.0
1127 1603 4.0
1127 1724 5.0
1127 1227 3.0
1130 1526 4.0
1130 1713 7.0
1130 1756 5.0
1131 1539 3.0
1132 1174 6.0
1132 1425 3.0
1132 1285 8.0
1132 1647 3.0
1136 1158 8.0
1136 1283 3.0
1138 1381 95.0
1138 1283 42.0
1138 1367 6.0
1138 1416 19.0
1142 1236 4.0
1142 1269 3.0
1142 1320 3.0
1142 1368 3.0
1142 1185 5.0
1142 1415 7.0
1153 1236 15.0
1158 1423 10.0
1158 1255 8.0
1158 1665 3.0
1158 1497 12.0
1167 1237 3.0
1167 1540 8.0
1168 1298 4.0
1168 1231 3.0
1168 1624 184.0
1168 1792 5.0
1168 1750 5.0
1169 1539 9.0
1173 1281 8.0
1173 1573 5.0
1173 1616 12.0
1174 1598 3.0
1175 1624 3.0
1177 1648 3.0
1179 1540 3.0
1180 1393 5.0
1181 1189 7.0
1181 1713 5.0
1181 1667 9.0
1183 1225 4.0
1183 1356 3.0
1183 1354 3.0
1183 1440 3.0
1183 1349 4.0
1184 1508 6.0
1184 1472 4.0
1184 1522 5.0
1185 1236 3.0
1185 1350 24.0
1185 1383 3.0
1185 1406 6.0
1185 1312 4.0
1189 1217 15.0
1189 1255 5.0
1189 1338 5.0
1189 1370 8.0
1189 1244 3.0
1189 1407 4.0
1189 1402 3.0
1189 1444 10.0
1189 1280 12.0
1189 1282 8.0
1189 1647 6.0
1189 1665 9.0
1190 1585 3.0
1190 1285 19.0
1190 1488 3.0
1195 1713 3.0
1211 1377 3.0
1213 1281 6.0
1214 1236 8.0
1215 1281 3.0
1215 1317 7.0
1217 1285 3.0
1217 1344 3.0
1219 1413 10.0
1219 1241 4.0
1223 1269 3.0
1224 1236 4.0
1224 1406 5.0
1225 1393 3.0
1227 1236 4.0
1227 1598 3.0
1227 1238 4.0
1231 1252 5.0
1231 1286 5.0
1231 1339 21.0
1231 1359 3.0
1231 1255 8.0
1231 1667 23.0
1231 1601 19.0
1231 1713 21.0
1231 1750 3.0
1231 1783 18.0
1234 1254 7.0
1234 1339 5.0
1235 1402 3.0
1235 1468 4.0
1236 1237 33.0
1236 1340 23.0
1236 1379 5.0
1236 1287 3.0
1236 1413 3.0
1237 1724 3.0
1244 1317 5.0
1246 1310 4.0
1246 1386 3.0
1246 1400 5.0
1246 1783 3.0
1246 1542 32.0
1246 1332 7.0
1246 1601 4.0
1252 1616 19.0
1253 1287 6.0
1253 1343 4.0
1253 1272 4.0
1253 1408 4.0
1253 1744 3.0
1253 1765 5.0
1253 1773 5.0
1255 1332 13.0
1255 1349 9.0
1255 1339 34.0
1255 1403 6.0
1255 1539 3.0
1255 1653 3.0
1255 1522 8.0
1255 1342 7.0
1255 1359 5.0
1255 1568 4.0
1255 1737 3.0
1255 1786 3.0
1255 1543 3.0
1255 1756 7.0
1264 1283 3.0
1265 1598 6.0
1268 1326 3.0
1269 1402 4.0
1269 1375 7.0
1271 1329 9.0
1272 1281 3.0
1272 1402 3.0
1272 1403 3.0
1274 1281 17.0
1280 1287 11.0
1280 1281 14.0
1280 1339 19.0
1280 1403 7.0
1280 1543 4.0
1280 1713 6.0
1280 1786 8.0
1280 1892 3.0
1281 1283 19.0
1281 1291 4.0
1281 1325 9.0
1281 1287 3.0
1281 1344 3.0
1281 1356 8.0
1281 1349 7.0
1281 1463 3.0
1281 1556 7.0
1281 1762 21.0
1281 1771 3.0
1282 1542 10.0
1282 1598 3.0
1282 1601 9.0
1282 1647 10.0
1282 1713 12.0
1282 1741 4.0
1282 1543 8.0
1282 1773 5.0
1283 1326 3.0
1283 1350 23.0
1283 1383 16.0
1283 1295 9.0
1283 1373 5.0
1283 1580 5.0
1283 1540 5.0
1285 1565 9.0
1285 1365 5.0
1285 1313 20.0
1285 1387 10.0
1285 1644 7.0
1285 1509 3.0
1285 1312 3.0
1285 1624 9.0
1285 1771 5.0
1285 1792 10.0
1286 1342 6.0
1286 1339 5.0
1286 1343 14.0
1289 1489 3.0
1290 1677 7.0
1291 1836 7.0
1295 1373 5.0
1297 1642 5.0
1297 1647 9.0
1297 1771 3.0
1299 1539 5.0
1299 1646 6.0
1304 1644 5.0
1308 1716 12.0
1310 1792 5.0
1312 1313 26.0
1312 1434 28.0
1312 1344 21.0
1312 1656 3.0
1312 1387 23.0
1312 1545 35.0
1312 1543 56.0
1312 1756 9.0
1312 1332 3.0
1313 1387 24.0
1313 1406 26.0
1313 1434 5.0
1313 1579 5.0
1313 1403 10.0
1313 1713 11.0
1313 1624 4.0
1313 1332 12.0
1314 1346 83.0
1315 1724 4.0
1316 1657 3.0
1319 1402 5.0
1325 1326 10.0
1328 1421 3.0
1329 1580 8.0
1329 1644 3.0
1332 1437 4.0
1332 1545 16.0
1332 1342 5.0
1332 1781 17.0
1332 1624 4.0
1332 1585 3.0
1332 1395 3.0
1335 1359 6.0
1335 1399 3.0
1338 1508 3.0
1338 1539 6.0
1338 1750 3.0
1338 1601 4.0
1339 1344 26.0
1339 1402 18.0
1339 1491 8.0
1339 1468 3.0
1339 1546 8.0
1342 1343 29.0
1342 1359 8.0
1342 1713 3.0
1343 1359 12.0
1343 1406 10.0
1343 1517 3.0
1343 1796 4.0
1344 1434 4.0
1344 1598 6.0
1344 1387 4.0
1344 1690 6.0
1344 1786 11.0
1344 1852 4.0
1346 1539 3.0
1346 1713 56.0
1346 1688 6.0
1346 1472 19.0
1346 1678 3.0
1346 1783 9.0
1346 1756 5.0
1346 1868 3.0
1349 1624 5.0
1352 1580 6.0
1356 1509 4.0
1358 1381 7.0
1359 1399 3.0
1362 1608 7.0
1362 1406 3.0
1362 1624 11.0
1362 1836 10.0
1362 1878 3.0
1364 1393 6.0
1365 1393 20.0
1365 1412 3.0
1375 1474 11.0
1375 1472 11.0
1375 1756 4.0
1379 1402 12.0
1379 1434 3.0
1379 1565 3.0
1381 1383 45.0
1381 1413 3.0
1383 1636 3.0
1383 1542 8.0
1383 1601 7.0
1387 1434 11.0
1387 1713 8.0
1391 1741 4.0
1393 1427 3.0
1395 1772 15.0
1395 1543 4.0
1397 1839 3.0
1398 1624 13.0
1401 1509 5.0
1402 1556 3.0
1402 1539 6.0
1402 1619 3.0
1403 1756 9.0
1406 1603 14.0
1406 1642 20.0
1406 1748 15.0
1408 1720 3.0
1408 1624 9.0
1413 1444 10.0
1423 1669 23.0
1434 1535 5.0
1434 1669 3.0
1434 1679 3.0
1434 1713 4.0
1434 1562 8.0
1436 1713 6.0
1436 1734 3.0
1436 1756 5.0
1437 1454 3.0
1440 1509 9.0
1440 1540 5.0
1447 1570 3.0
1447 1500 4.0
1449 1489 3.0
1463 1713 7.0
1468 1554 6.0
1472 1565 5.0
1472 1748 4.0
1472 1789 4.0
1474 1493 9.0
1474 1793 5.0
1485 1756 8.0
1487 1598 6.0
1487 1673 3.0
1487 1520 4.0
1487 1543 3.0
1488 1888 6.0
1489 1533 6.0
1493 1584 3.0
1493 1713 21.0
1493 1656 5.0
1497 1594 4.0
1500 1624 3.0
1502 1503 7.0
1508 1521 4.0
1509 1624 4.0
1513 1520 27.0
1513 1737 5.0
1517 1562 9.0
1517 1786 4.0
1518 1523 3.0
1520 1540 4.0
1520 1879 3.0
1522 1616 3.0
1522 1580 3.0
1539 1573 7.0
1539 1620 4.0
1539 1639 3.0
1539 1640 3.0
1539 1647 12.0
1540 1548 3.0
1540 1713 3.0
1540 1738 3.0
1540 1744 6.0
1540 1669 4.0
1540 1543 4.0
1543 1565 4.0
1543 1724 7.0
1543 1675 13.0
1543 1582 5.0
1543 1624 12.0
1543 1804 6.0
1543 1831 3.0
1543 1848 7.0
1543 1870 3.0
1543 1879 3.0
1545 1556 9.0
1545 1580 7.0
1545 1576 3.0
1545 1754 4.0
1546 1554 5.0
1546 1619 3.0
1546 1786 3.0
1548 1598 3.0
1548 1713 23.0
1551 1648 4.0
1552 1553 4.0
1554 1580 6.0
1554 1713 9.0
1556 1586 3.0
1556 1577 3.0
1557 1624 4.0
1564 1565 3.0
1565 1679 15.0
1565 1657 3.0
1565 1713 4.0
1565 1756 3.0
1568 1569 3.0
1568 1585 5.0
1576 1665 3.0
1579 1667 4.0
1580 1676 38.0
1582 1585 6.0
1585 1713 20.0
1585 1669 4.0
1598 1655 3.0
1601 1616 10.0
1601 1636 3.0
1601 1690 6.0
1601 1781 6.0
1601 1675 3.0
1601 1624 5.0
1601 1859 6.0
1608 1647 21.0
1619 1629 5.0
1619 1641 4.0
1621 1663 3.0
1623 1644 5.0
1624 1626 10.0
1624 1713 6.0
1624 1781 20.0
1624 1783 11.0
1624 1756 34.0
1624 1811 12.0
1624 1704 3.0
1624 1657 7.0
1624 1700 5.0
1624 1862 5.0
1624 1727 11.0
1624 1864 10.0
1624 1866 45.0
1624 1772 3.0
1624 1868 26.0
1624 1871 9.0
1624 1878 12.0
1627 1648 3.0
1629 1756 5.0
1641 1655 3.0
1641 1657 8.0
1644 1713 8.0
1644 1754 9.0
1644 1756 20.0
1644 1698 4.0
1644 1686 6.0
1644 1758 16.0
1644 1866 3.0
1647 1688 8.0
1647 1713 25.0
1647 1669 15.0
1655 1669 3.0
1669 1670 3.0
1673 1741 3.0
1675 1783 4.0
1675 1756 7.0
1676 1881 3.0
1681 1771 4.0
1686 1796 4.0
1700 1839 8.0
1713 1724 6.0
1713 1733 3.0
1713 1730 5.0
1713 1742 3.0
1713 1775 3.0
1724 1783 4.0
1724 1786 3.0
1724 1791 3.0
1724 1836 19.0
1730 1783 9.0
1730 1878 3.0
1750 1881 8.0
1756 1781 19.0
1771 1788 4.0
1771 1789 5.0
1781 1783 22.0
1781 1852 5.0
1783 1831 5.0
1808 1876 6.0
1852 1865 3.0
