12 1
13 1
14 1
15 1
21 1
23 1
28 1
30 1
39 1
41 1
47 1
52 1
54 1
55 1
62 1
65 1
74 1
75 1
80 1
81 1
85 1
89 1
90 1
94 1
95 1
98 1
99 1
102 1
103 1
107 1
108 1
109 1
113 1
115 1
122 1
123 1
125 1
127 1
128 1
130 1
135 1
136 1
137 1
138 1
141 1
143 1
145 1
148 1
152 1
153 1
159 1
160 1
162 1
163 1
168 1
170 1
172 1
173 1
175 1
176 1
179 1
182 1
183 1
184 1
185 1
186 1
188 1
189 1
192 1
193 1
195 1
196 1
197 1
199 1
200 1
202 1
205 1
207 1
208 1
211 1
212 1
214 1
216 1
218 1
219 1
224 1
225 1
227 1
228 1
229 1
230 1
232 1
236 1
242 1
246 1
247 1
248 1
249 1
252 1
254 1
255 1
259 1
264 1
265 1
266 1
269 1
270 1
280 1
286 1
292 1
298 1
299 1
302 1
303 1
305 1
309 1
310 1
313 1
315 1
316 1
321 1
324 1
325 1
328 1
330 1
331 1
336 1
338 1
339 1
340 1
343 1
344 1
345 1
346 1
348 1
349 1
350 1
356 1
357 1
358 1
363 1
364 1
365 1
366 1
367 1
371 1
372 1
374 1
375 1
378 1
381 1
382 1
384 1
389 1
391 1
394 1
396 1
397 1
398 1
402 1
407 1
408 1
409 1
410 1
411 1
412 1
415 1
421 1
424 1
426 1
427 1
429 1
430 1
432 1
433 1
435 1
441 1
443 1
445 1
448 1
451 1
452 1
453 1
455 1
456 1
458 1
463 1
470 1
471 1
472 1
477 1
478 1
479 1
480 1
481 1
488 1
489 1
490 1
491 1
494 1
496 1
499 1
500 1
2 2
25 2
27 2
33 2
35 2
45 2
49 2
58 2
59 2
63 2
66 2
68 2
72 2
76 2
84 2
88 2
118 2
124 2
131 2
142 2
155 2
157 2
169 2
181 2
220 2
221 2
231 2
237 2
239 2
241 2
256 2
258 2
262 2
272 2
277 2
279 2
282 2
283 2
284 2
287 2
289 2
296 2
300 2
301 2
304 2
306 2
308 2
311 2
314 2
317 2
322 2
323 2
326 2
327 2
329 2
332 2
335 2
341 2
352 2
355 2
359 2
360 2
362 2
368 2
370 2
373 2
377 2
379 2
380 2
385 2
386 2
387 2
392 2
393 2
395 2
399 2
403 2
405 2
413 2
414 2
416 2
418 2
420 2
423 2
425 2
428 2
431 2
434 2
439 2
442 2
444 2
454 2
460 2
461 2
465 2
467 2
468 2
469 2
474 2
475 2
482 2
484 2
495 2
11 3
22 3
48 3
77 3
83 3
96 3
104 3
105 3
106 3
110 3
112 3
114 3
117 3
120 3
121 3
126 3
133 3
134 3
140 3
144 3
147 3
151 3
154 3
161 3
167 3
180 3
187 3
190 3
201 3
203 3
204 3
209 3
210 3
213 3
223 3
226 3
233 3
234 3
235 3
240 3
243 3
251 3
260 3
268 3
271 3
273 3
275 3
276 3
281 3
293 3
294 3
320 3
333 3
351 3
376 3
388 3
406 3
436 3
438 3
447 3
462 3
466 3
487 3
497 3
9 4
16 4
31 4
32 4
38 4
50 4
56 4
78 4
82 4
93 4
149 4
158 4
165 4
166 4
171 4
174 4
177 4
194 4
198 4
206 4
250 4
253 4
257 4
274 4
312 4
318 4
319 4
337 4
353 4
354 4
400 4
401 4
404 4
437 4
446 4
449 4
450 4
457 4
459 4
464 4
473 4
476 4
483 4
485 4
486 4
493 4
498 4
3 5
6 5
8 5
10 5
26 5
40 5
42 5
53 5
57 5
60 5
64 5
70 5
71 5
79 5
87 5
91 5
92 5
97 5
100 5
101 5
111 5
119 5
191 5
244 5
261 5
278 5
285 5
291 5
297 5
307 5
334 5
361 5
369 5
1 6
4 6
17 6
19 6
20 6
24 6
29 6
46 6
61 6
86 6
129 6
132 6
146 6
150 6
164 6
178 6
245 6
263 6
267 6
295 6
347 6
383 6
419 6
422 6
440 6
5 7
7 7
18 7
34 7
36 7
37 7
43 7
44 7
51 7
67 7
69 7
73 7
116 7
139 7
156 7
215 7
217 7
222 7
238 7
288 7
290 7
342 7
390 7
417 7
492 7
